Learning Rate	Train Loss	Valid Loss	Train Acc.	Valid Acc.	
0.100000	4.504673	5.618100	1.806000	1.620000	
0.099975	4.224091	5.873546	4.190000	3.700000	
0.099901	3.966283	5.786544	7.480000	4.230000	
0.099778	3.767614	4.759444	10.432000	6.450000	
0.099606	3.578064	4.303780	13.956000	10.790000	
0.099384	3.395882	4.022277	17.644000	14.780000	
0.099114	3.202518	4.111230	20.984000	14.460000	
0.098796	3.012231	4.204481	24.676000	17.450000	
0.098429	2.806738	3.017885	28.782000	27.830000	
0.098015	2.563274	3.437970	33.608000	24.770000	
0.097553	2.355549	2.944060	37.656000	31.930000	
0.097044	2.164741	2.514609	42.048000	37.810000	
0.096489	1.998580	2.590288	45.432000	37.860000	
0.095888	1.873317	2.230398	48.482000	42.670000	
0.095241	1.763869	2.006529	51.042000	47.070000	
0.094550	1.665966	2.092463	53.284000	46.280000	
0.093815	1.593433	2.052884	54.840000	46.520000	
0.093037	1.539803	2.386345	56.332000	40.420000	
0.092216	1.523445	2.116195	56.676000	43.650000	

0.089508	1.558761	2.850529	56.234000	32.800000	
0.088526	1.558951	2.605673	56.532000	35.250000	
0.087506	1.579736	3.173252	56.298000	26.480000	
0.086448	1.603693	3.601818	55.650000	22.920000	
0.089508	1.545177	2.412313	56.748000	42.530000	
0.088526	1.555391	2.394452	56.470000	43.720000	
0.087506	1.594226	2.326951	55.806000	46.470000	
0.086448	1.571405	2.492638	56.188000	40.360000	
0.085355	1.601515	3.043054	55.830000	38.610000	
0.084227	1.612366	2.701723	55.552000	41.390000	
0.083066	1.568163	3.025089	56.750000	35.710000	
0.081871	1.548607	2.634498	57.206000	41.100000	
0.080645	1.521569	2.704492	57.872000	40.490000	
0.079389	1.573177	2.762768	56.834000	40.660000	
0.078104	1.508272	2.176843	58.394000	48.010000	
0.076791	1.483315	2.641850	59.070000	42.480000	
0.075452	1.485177	2.306458	58.826000	46.900000	
0.074088	1.458099	2.671477	59.636000	41.130000	
0.072700	1.431091	2.400611	60.100000	45.610000	
0.071289	1.447866	2.186412	59.766000	49.460000	
0.069857	1.377024	2.669547	61.502000	42.430000	
0.068406	1.362793	1.990239	61.860000	51.760000	
0.066937	1.361286	2.663346	61.908000	39.530000	
0.065451	1.305563	2.094390	63.032000	50.840000	
0.063950	1.293300	2.276729	63.384000	48.380000	
0.062434	1.272051	2.655020	64.076000	42.830000	
0.060907	1.227844	2.173579	65.174000	48.000000	
0.059369	1.196658	2.595051	65.724000	45.670000	
0.057822	1.207512	2.236323	65.708000	49.690000	
0.056267	1.160865	2.517935	66.748000	44.680000	
0.054705	1.146892	2.613298	66.932000	45.450000	
0.053140	1.160169	2.166711	66.764000	51.340000	
0.051571	1.071713	2.052169	68.942000	55.420000	
0.050000	1.046963	2.096823	69.448000	53.110000	
0.048429	1.047862	1.852831	69.582000	55.350000	
0.046860	0.983900	2.429976	71.350000	51.370000	
0.048429	1.038779	2.118106	69.790000	54.160000	
0.046860	0.994575	2.489248	71.006000	51.090000	
0.045295	0.957496	2.261251	71.902000	52.020000	
0.043733	0.938149	2.010448	72.364000	55.180000	
0.042178	0.906352	2.120735	73.382000	53.970000	
0.040631	0.870019	2.137934	74.328000	53.790000	
0.039093	0.827426	1.871866	75.270000	58.110000	
0.037566	0.795290	1.962322	76.018000	57.560000	
0.036050	0.771098	2.202662	76.698000	54.550000	
0.034549	0.767378	1.974959	76.878000	58.830000	
0.033063	0.724615	1.825769	77.994000	58.470000	
0.031594	0.688119	1.863125	79.154000	58.550000	
0.030143	0.636843	1.928813	80.300000	61.770000	
0.028711	0.637347	1.939239	80.288000	61.680000	
0.027300	0.582860	1.869945	81.924000	62.870000	
0.025912	0.536672	1.777609	83.428000	64.320000	
0.024548	0.498325	1.691071	84.404000	66.270000	
0.023209	0.473914	1.618174	85.238000	66.030000	
0.021896	0.433940	1.818710	86.182000	65.350000	
0.020611	0.398038	1.853191	87.226000	65.460000	
0.019355	0.385986	2.079692	87.698000	64.070000	
0.018129	0.328028	2.289645	89.520000	64.700000	
0.016934	0.297069	1.761682	90.334000	69.150000	
0.015773	0.236947	2.047636	92.232000	67.220000	
0.014645	0.233937	1.849687	92.200000	70.420000	
0.013552	0.200012	1.949763	93.488000	70.080000	
0.012494	0.169992	1.997434	94.240000	70.300000	
0.011474	0.146102	1.877430	95.110000	71.280000	
0.010492	0.117361	1.930267	96.064000	71.920000	
0.009549	0.094016	1.928423	96.884000	72.890000	
0.008646	0.077973	1.841502	97.320000	73.500000	
0.007784	0.056906	1.979780	98.044000	73.820000	
0.008646	0.072468	1.977313	97.536000	73.000000	
0.007784	0.054974	2.110089	98.062000	73.420000	
0.006963	0.047172	2.108116	98.382000	74.080000	
0.006185	0.035265	2.048642	98.882000	74.670000	
0.005450	0.027008	2.011432	99.124000	74.970000	
0.004759	0.017074	2.044313	99.442000	75.780000	
0.004112	0.014149	2.006085	99.570000	75.800000	
0.003511	0.011413	2.007129	99.674000	76.050000	
0.002956	0.009842	2.055395	99.698000	76.150000	
0.002447	0.007201	2.065372	99.780000	76.220000	
0.001985	0.006375	2.075274	99.822000	76.340000	
0.001571	0.006361	2.067973	99.842000	76.280000	
0.001204	0.005322	2.071193	99.876000	76.410000	
0.000886	0.004906	2.086461	99.862000	76.430000	
0.000616	0.003894	2.093326	99.910000	76.570000	
0.000394	0.003706	2.080818	99.898000	76.560000	
0.000222	0.004086	2.080337	99.904000	76.590000	
0.000099	0.003842	2.091448	99.922000	76.580000	
0.000025	0.003676	2.090323	99.910000	76.630000	
