Learning Rate	Train Loss	Valid Loss	Train Acc.	Valid Acc.	
0.100000	4.251371	3.880888	4.794000	8.920000	
0.099975	3.510470	3.463779	15.378000	17.790000	
0.099901	2.822175	2.763811	27.616000	28.400000	
0.099778	2.352002	2.483236	37.618000	35.810000	
0.099606	2.010410	2.457166	45.190000	39.000000	
0.099384	1.797211	2.127109	50.190000	44.960000	
0.099114	1.628078	2.020693	54.314000	46.330000	
0.098796	1.528702	1.913991	56.872000	50.910000	
0.098429	1.438470	2.016532	59.172000	48.620000	
0.098015	1.352110	1.682729	61.346000	53.140000	
0.097553	1.293128	2.014819	62.750000	49.430000	
0.097044	1.251269	1.868766	63.846000	51.140000	
0.096489	1.211107	1.796686	64.832000	53.690000	
0.095888	1.181599	1.508239	65.558000	58.680000	
0.095241	1.154243	1.480282	66.466000	59.720000	
0.094550	1.118636	1.911990	67.446000	52.780000	
0.093815	1.095680	1.992269	67.986000	52.470000	
0.093037	1.058533	2.079560	68.874000	51.740000	
0.092216	1.051458	1.793639	69.472000	54.020000	
0.091354	1.025094	2.025240	69.684000	53.310000	
0.090451	1.005612	1.680948	70.416000	57.590000	
0.089508	0.995017	1.468909	70.686000	61.520000	
0.088526	0.985346	1.592643	70.860000	59.050000	
0.087506	0.962284	1.705539	71.348000	57.580000	
0.086448	0.943376	1.705555	72.170000	57.100000	
0.085355	0.930548	1.602506	72.446000	59.320000	
0.084227	0.913480	1.590036	72.914000	60.010000	
0.083066	0.891123	1.832657	73.390000	57.160000	
0.081871	0.879329	2.143869	73.720000	54.020000	
0.080645	0.867116	1.638728	74.148000	58.690000	
0.079389	0.858265	1.655961	74.446000	59.940000	
0.078104	0.824661	1.602385	75.488000	60.490000	
0.076791	0.817733	1.490650	75.362000	61.550000	
0.075452	0.810201	1.616013	75.802000	59.220000	
0.074088	0.790903	1.590966	76.372000	61.710000	
0.072700	0.779057	1.430266	76.544000	63.700000	
0.071289	0.737274	1.606301	77.632000	60.510000	
0.069857	0.724628	1.484698	78.148000	62.540000	
0.068406	0.729822	1.429605	77.942000	63.530000	
0.066937	0.667974	1.424683	79.596000	65.710000	
0.065451	0.669416	1.376195	79.836000	65.300000	
0.063950	0.653691	1.536403	80.086000	63.360000	
0.099975	3.503456	3.320227	15.184000	19.140000	
0.099901	2.818447	2.857527	27.742000	28.530000	
0.099778	2.329457	2.568733	37.936000	34.960000	
0.099606	2.006342	2.345444	45.178000	39.820000	
0.099384	1.808790	2.248001	50.066000	43.800000	
0.063950	0.653621	1.524871	79.896000	63.390000	
0.062434	0.615622	1.519191	81.114000	65.320000	
0.060907	0.593644	1.337721	81.658000	67.300000	
0.059369	0.586914	1.551310	81.916000	64.110000	
0.057822	0.558196	1.570579	82.770000	62.940000	
0.056267	0.538456	1.473845	83.244000	66.940000	
0.054705	0.529317	1.671724	83.518000	63.820000	
0.053140	0.497817	1.490099	84.486000	66.960000	
0.051571	0.468373	1.611025	85.386000	65.800000	
0.050000	0.453269	1.612822	85.882000	65.650000	
0.048429	0.418795	1.534272	86.696000	66.420000	
0.046860	0.404353	1.342727	87.304000	69.550000	
0.045295	0.382958	1.447351	87.738000	67.820000	
0.043733	0.343820	1.424103	88.954000	68.770000	
0.042178	0.326362	1.527237	89.488000	68.790000	
0.040631	0.310227	1.688271	90.004000	66.120000	
0.039093	0.283649	1.411764	90.944000	70.410000	
0.037566	0.272244	1.521979	91.350000	69.870000	
0.036050	0.236641	1.364026	92.302000	71.600000	
0.034549	0.223846	1.389288	92.748000	71.610000	
0.033063	0.206766	1.629562	93.310000	70.170000	
0.031594	0.184259	1.500040	93.902000	71.120000	
0.030143	0.164762	1.381376	94.640000	72.980000	
0.028711	0.139612	1.572519	95.450000	71.810000	
0.027300	0.129425	1.492722	95.802000	72.770000	
0.025912	0.114448	1.573330	96.166000	73.060000	
0.024548	0.097355	1.453028	96.856000	73.670000	
0.023209	0.081718	1.580242	97.296000	73.700000	
0.021896	0.066126	1.502053	97.854000	74.840000	
0.020611	0.050949	1.486306	98.422000	75.220000	
0.019355	0.044398	1.484642	98.592000	75.160000	
0.018129	0.036164	1.457348	98.902000	75.660000	
0.016934	0.029305	1.395581	99.124000	75.880000	
0.015773	0.023564	1.375829	99.306000	76.850000	
0.014645	0.017843	1.414188	99.514000	76.800000	
0.013552	0.016914	1.383278	99.524000	76.530000	
0.012494	0.014962	1.382658	99.614000	76.900000	
0.011474	0.012450	1.370420	99.700000	77.000000	
0.010492	0.011196	1.379815	99.734000	76.920000	
0.009549	0.010099	1.364169	99.812000	77.060000	
0.008646	0.009926	1.367065	99.798000	77.110000	
0.007784	0.008552	1.379605	99.846000	76.840000	
0.006963	0.008557	1.340821	99.854000	77.130000	
0.006185	0.008460	1.359988	99.848000	76.850000	
0.005450	0.008417	1.365963	99.846000	77.260000	
