Learning Rate	Train Loss	Valid Loss	Train Acc.	Valid Acc.	
0.000001	4.606832	4.606742	1.052000	1.000000	
0.050000	4.572786	4.527200	1.556000	2.290000	
0.099975	4.276421	3.974860	4.168000	6.690000	
0.099899	3.777337	3.663448	10.210000	11.970000	
0.099774	3.413600	3.370625	16.660000	18.020000	
0.099598	3.093631	3.002278	22.028000	24.330000	
0.099372	2.827762	2.772336	27.490000	28.320000	
0.099096	2.604320	2.533932	31.966000	33.460000	
0.098772	2.417295	2.484565	35.828000	36.590000	
0.098397	2.305947	2.554972	38.042000	34.830000	
0.097975	2.209508	2.271943	40.224000	39.630000	
0.097504	2.158985	2.433150	41.754000	38.440000	
0.096985	2.117914	2.284927	42.144000	40.160000	
0.096418	2.128865	2.363410	42.442000	39.590000	
0.095805	2.138328	2.206600	42.234000	42.310000	
0.095146	2.143681	2.308921	42.156000	40.080000	
0.094442	2.190039	2.446426	41.108000	37.960000	
0.093693	2.201675	2.296955	41.136000	39.350000	
0.092899	2.268755	2.500718	39.554000	35.980000	
0.092063	2.318165	2.552767	38.622000	35.290000	
0.091184	2.379967	2.589077	37.312000	34.730000	
0.090264	2.397745	2.563717	36.934000	34.430000	
0.089303	2.432937	2.658421	36.294000	32.510000	
0.088302	2.442709	2.632754	35.962000	32.090000	
0.087263	2.474963	2.827844	35.570000	29.490000	
0.086187	2.495312	2.528642	34.690000	33.780000	
0.085074	2.488948	2.574369	34.822000	34.570000	
0.083926	2.481826	2.654279	35.260000	32.090000	
0.082743	2.480458	2.556251	35.060000	34.820000	
0.081528	2.448197	2.642219	35.912000	33.100000	
0.080281	2.452374	2.652767	35.716000	33.940000	
0.079003	2.401587	2.582462	36.874000	34.320000	
0.077696	2.413055	2.471182	36.534000	35.660000	
0.076362	2.373637	2.526785	37.294000	35.160000	
0.075000	2.334419	2.457955	38.450000	37.010000	
0.073614	2.323862	2.491004	38.502000	36.060000	
0.072204	2.277652	2.291135	39.618000	39.280000	
0.070771	2.263436	2.414188	39.878000	38.440000	
0.069318	2.218993	2.376970	40.780000	37.900000	
0.067845	2.219015	2.246250	41.036000	41.230000	
0.066354	2.159398	2.153659	42.092000	42.280000	
0.064846	2.136832	2.272948	42.704000	41.830000	
0.063324	2.120028	2.271174	42.714000	41.480000	
0.061788	2.096638	2.243688	43.484000	41.900000	
0.060241	2.041953	2.077984	44.804000	44.290000	
0.058683	2.019431	2.196841	45.392000	42.380000	
0.057116	1.981103	2.092980	45.992000	44.440000	
0.055542	1.964353	2.018913	46.564000	45.970000	
0.053963	1.916708	1.907435	47.488000	48.330000	
0.052380	1.896367	2.004567	47.860000	45.340000	
0.050794	1.863733	1.916888	48.432000	47.960000	
0.049207	1.822744	2.010583	49.776000	46.310000	
0.047621	1.821685	1.873278	49.844000	49.920000	
0.046038	1.767896	1.863307	51.072000	50.130000	
0.044459	1.738942	1.936447	51.534000	48.840000	
0.042885	1.707751	1.887755	52.408000	49.570000	
0.041318	1.686242	1.765049	53.112000	52.080000	
0.039760	1.625970	1.755649	54.336000	51.810000	
0.039760	1.633763	1.768135	54.174000	52.290000	
0.038213	1.599276	1.708396	54.914000	52.710000	
0.036677	1.562063	1.740121	55.676000	51.590000	
0.035155	1.543531	1.694738	56.412000	53.190000	
0.033647	1.488424	1.723509	57.870000	53.740000	
0.032156	1.459123	1.707527	58.514000	54.010000	
0.030683	1.423009	1.549204	59.270000	56.670000	
0.029230	1.396626	1.601374	60.118000	56.190000	
0.027797	1.353266	1.604036	61.008000	56.870000	
0.026387	1.319036	1.587134	61.782000	56.410000	
0.025001	1.291361	1.509785	62.622000	58.540000	
0.023639	1.249956	1.454543	63.774000	59.580000	
0.022305	1.213812	1.502926	64.852000	58.130000	
0.020998	1.164724	1.451165	65.560000	59.250000	
0.019720	1.123541	1.447735	66.930000	60.590000	
0.018473	1.089330	1.436925	67.492000	61.310000	
0.017258	1.047618	1.448745	68.966000	61.260000	
0.016075	1.005208	1.397139	70.040000	62.110000	
0.014927	0.975198	1.367598	70.682000	63.360000	
0.013814	0.919305	1.358785	72.234000	63.340000	
0.012738	0.879768	1.370368	73.112000	64.510000	
0.011699	0.836479	1.347883	74.394000	64.340000	
0.010698	0.799932	1.345547	75.646000	64.000000	
0.009737	0.751798	1.334692	76.752000	66.070000	
0.008817	0.700463	1.327883	78.320000	66.160000	
0.007938	0.655555	1.376557	79.304000	65.460000	
0.007938	0.659491	1.336520	79.380000	66.280000	
0.007102	0.610425	1.319812	80.760000	66.780000	
0.006308	0.568047	1.324404	81.932000	66.740000	
0.005559	0.526582	1.294476	82.960000	67.800000	
0.004855	0.482440	1.327062	84.514000	67.860000	
0.004196	0.432289	1.403208	86.170000	67.950000	
0.003583	0.395054	1.426872	87.184000	67.790000	
0.003016	0.358215	1.449713	88.324000	68.520000	
0.002497	0.317085	1.521459	89.536000	68.590000	
0.002026	0.285139	1.673956	90.586000	68.240000	
0.001604	0.259722	1.595211	91.418000	68.700000	
0.001229	0.234877	1.592026	92.180000	68.820000	
0.000905	0.209462	1.674055	93.154000	69.220000	
0.000629	0.194774	1.740184	93.588000	69.390000	
0.000403	0.183256	1.780230	94.116000	69.470000	
0.000227	0.171930	1.740141	94.268000	69.240000	
0.000102	0.165616	1.762501	94.618000	69.900000	
0.000026	0.162177	1.762078	94.714000	69.530000	
