Learning Rate	Train Loss	Valid Loss	Train Acc.	Valid Acc.	
0.000001	4.607910	4.607895	0.780000	0.670000	
0.050000	4.575239	4.574710	1.432000	2.110000	
0.099975	4.257272	4.047236	4.688000	6.590000	
0.099899	3.815954	3.681044	10.048000	11.520000	
0.099774	3.478152	3.366550	15.562000	18.350000	
0.099598	3.157566	2.987314	21.456000	24.380000	
0.099372	2.859208	2.900172	26.904000	26.990000	
0.099096	2.616613	2.587567	31.546000	33.100000	
0.098772	2.441366	2.424995	35.196000	36.330000	
0.098397	2.288938	2.301322	38.496000	38.690000	
0.097975	2.168922	2.253652	41.212000	40.380000	
0.097504	2.055616	2.110106	43.762000	42.860000	
0.096985	1.973208	2.049575	45.784000	45.100000	
0.096418	1.916662	2.078860	47.138000	44.630000	
0.095805	1.849172	1.961347	48.728000	47.390000	
0.095146	1.821760	2.001540	49.360000	46.260000	
0.094442	1.809518	1.903224	49.530000	48.390000	
0.093693	1.768348	1.861147	50.832000	48.680000	
0.092899	1.743846	1.866456	51.132000	49.140000	
0.092063	1.754766	1.913148	51.036000	47.970000	
0.091184	1.729284	1.973708	51.564000	48.840000	
0.090264	1.728959	1.988465	51.856000	46.130000	
0.089303	1.718039	1.878724	51.924000	49.970000	
0.088302	1.730811	1.908006	51.484000	48.120000	
0.087263	1.736498	1.829131	51.698000	48.910000	
0.086187	1.752042	1.920764	51.174000	48.190000	
0.085074	1.758296	1.894763	51.224000	48.780000	
0.083926	1.767326	1.955297	51.222000	47.480000	
0.082743	1.785446	1.926510	50.502000	48.330000	
0.081528	1.798688	1.948730	50.484000	47.950000	
0.080281	1.825082	2.004788	50.030000	46.010000	
0.079003	1.836138	2.157220	49.538000	44.800000	
0.077696	1.872549	2.027515	48.694000	46.300000	
0.076362	1.855643	2.073959	49.156000	44.870000	
0.075000	1.892483	2.045548	47.974000	44.800000	
0.073614	1.903532	2.238343	47.886000	43.170000	
0.072204	1.934653	2.019677	47.444000	45.460000	
0.070771	1.949856	2.181802	46.872000	43.340000	
0.069318	1.953174	2.133652	47.112000	43.960000	
0.067845	1.977407	2.221966	46.274000	42.710000	
0.066354	1.974588	2.199665	46.422000	43.060000	
0.064846	1.966824	2.128197	46.686000	44.300000	
0.063324	1.974925	2.109816	46.656000	44.710000	
0.061788	1.973348	2.095620	46.710000	44.510000	
0.060241	1.966987	1.979311	46.770000	46.910000	
0.058683	1.936539	1.985209	47.256000	46.510000	
0.057116	1.943699	2.056581	47.148000	46.140000	
0.055542	1.899597	2.067467	48.300000	44.810000	
0.053963	1.884640	2.056750	48.566000	46.130000	
0.052380	1.867544	2.143805	49.198000	45.250000	
0.050794	1.825875	1.922053	49.820000	47.850000	
0.049207	1.797518	1.897662	50.540000	48.970000	
0.047621	1.772265	1.973656	51.094000	47.500000	
0.046038	1.725831	1.799132	52.030000	50.770000	
0.044459	1.703020	1.906153	52.856000	48.800000	
0.042885	1.670608	1.776393	53.516000	52.260000	
0.041318	1.625395	1.786237	54.830000	51.290000	
0.039760	1.581740	1.749956	55.686000	52.820000	
0.038213	1.549878	1.626701	56.582000	55.650000	
0.036677	1.513482	1.753670	57.626000	52.450000	
0.035155	1.478112	1.613450	58.138000	55.610000	
0.033647	1.433321	1.593037	59.210000	55.610000	
0.032156	1.388018	1.645376	60.318000	54.770000	
0.030683	1.346942	1.489255	61.160000	58.260000	
0.029230	1.314019	1.462487	62.126000	59.300000	
0.027797	1.260452	1.535473	63.370000	57.610000	
0.026387	1.226128	1.507466	64.412000	59.120000	
0.025001	1.196665	1.527946	65.098000	58.310000	
0.023639	1.145141	1.414965	66.434000	60.640000	
0.022305	1.097806	1.461995	67.706000	60.200000	
0.020998	1.064282	1.390861	68.510000	62.330000	
0.019720	1.014933	1.410660	69.796000	61.520000	
0.018473	0.977484	1.398744	70.696000	61.770000	
0.017258	0.928988	1.369396	72.162000	63.110000	
0.016075	0.892781	1.333202	72.966000	63.220000	
0.014927	0.842608	1.299344	74.392000	65.470000	
0.013814	0.793882	1.364453	75.734000	64.310000	
0.012738	0.752737	1.253759	76.930000	66.530000	
0.011699	0.702587	1.336993	78.298000	66.260000	
0.010698	0.665143	1.243845	79.076000	67.230000	
0.009737	0.609477	1.345048	80.716000	66.430000	
0.008817	0.572020	1.314352	81.918000	66.910000	
0.007938	0.525411	1.349918	83.164000	67.380000	
0.007102	0.475982	1.307103	84.844000	67.940000	
0.006308	0.429424	1.341870	85.966000	68.440000	
0.005559	0.395825	1.446405	87.350000	68.420000	
0.004855	0.360121	1.334891	88.312000	68.500000	
0.004196	0.310635	1.429505	89.828000	69.450000	
0.003583	0.278972	1.560963	90.700000	70.010000	
0.003016	0.245716	1.606795	91.736000	69.240000	
0.002497	0.216578	1.592686	92.842000	69.010000	
0.002026	0.187671	1.690912	93.746000	69.720000	
0.001604	0.168104	1.679261	94.444000	70.470000	
0.001229	0.147891	1.761479	95.066000	70.150000	
0.000905	0.129754	1.738571	95.694000	70.460000	
0.000629	0.118549	1.751413	96.054000	70.680000	
0.000403	0.112406	1.840689	96.236000	70.330000	
