Learning Rate	Train Loss	Valid Loss	Train Acc.	Valid Acc.	
0.000001	4.608076	4.608097	1.046000	1.030000	
0.050000	4.559740	4.458382	1.500000	2.480000	
0.099975	4.301166	4.086962	3.526000	6.070000	
0.099899	3.904061	3.784968	8.538000	9.810000	
0.099774	3.555137	3.417696	14.042000	16.560000	
0.099598	3.206249	3.068577	20.464000	22.830000	
0.099372	2.943986	2.856427	25.242000	26.450000	
0.099096	2.743887	2.922563	29.070000	27.310000	
0.098772	2.591758	2.647242	32.382000	30.610000	
0.098397	2.485809	2.539348	34.646000	34.130000	
0.097975	2.421282	2.614862	35.772000	34.730000	
0.097504	2.393563	2.532788	36.612000	34.110000	
0.096985	2.377903	2.529434	36.810000	35.530000	
0.096418	2.367556	2.464902	37.348000	35.520000	
0.095805	2.330615	2.598099	37.996000	34.030000	
0.095146	2.333851	2.368459	38.086000	37.830000	
0.094442	2.307955	2.419084	38.558000	36.530000	
0.093693	2.288340	2.448955	39.198000	37.090000	
0.092899	2.275468	2.328525	39.432000	36.960000	
0.092063	2.259353	2.273345	39.842000	39.670000	
0.091184	2.228390	2.323021	40.584000	38.510000	
0.090264	2.223617	2.413446	40.418000	37.650000	
0.089303	2.211449	2.471991	40.846000	35.840000	
0.088302	2.180751	2.394046	41.336000	38.740000	
0.087263	2.145698	2.222643	42.278000	41.000000	
0.086187	2.136836	2.273597	42.430000	40.580000	
0.085074	2.137660	2.258960	42.146000	41.220000	
0.083926	2.100958	2.143630	43.148000	41.420000	
0.082743	2.069792	2.209874	43.926000	41.430000	
0.081528	2.057732	2.106803	44.134000	42.930000	
0.080281	2.039170	2.035923	44.590000	45.640000	
0.079003	2.016083	2.038531	45.126000	45.520000	
0.077696	2.008760	2.168281	45.486000	42.150000	
0.076362	1.966452	2.269140	46.302000	42.350000	
0.075000	1.970351	2.028275	46.140000	45.350000	
0.073614	1.947957	2.000511	46.716000	46.440000	
0.072204	1.929474	2.059663	47.286000	44.360000	
0.070771	1.901972	2.004974	47.688000	46.470000	
0.069318	1.881595	1.946912	48.518000	46.230000	
0.067845	1.860891	1.958311	48.996000	47.440000	
0.066354	1.841467	2.070786	49.064000	45.350000	
0.064846	1.821123	1.947736	49.810000	48.830000	
0.063324	1.805556	2.035164	50.028000	45.680000	
0.061788	1.775664	1.974467	51.066000	47.310000	
0.060241	1.766621	1.907045	50.968000	48.950000	
0.058683	1.723101	1.825689	52.106000	50.930000	
0.057116	1.705640	1.887408	52.510000	50.230000	
0.055542	1.700311	1.892047	52.490000	48.230000	
0.053963	1.677921	1.853271	53.016000	49.440000	
0.052380	1.657621	1.793647	53.692000	50.850000	
0.050794	1.626777	1.776613	54.354000	52.260000	
0.049207	1.612772	1.717209	54.542000	52.410000	
0.047621	1.575375	1.669157	55.408000	53.780000	
0.046038	1.551336	1.763357	56.222000	52.950000	
0.044459	1.538222	1.709694	56.558000	53.380000	
0.042885	1.500165	1.646584	57.406000	54.500000	
0.041318	1.494673	1.654545	57.688000	54.280000	
0.039760	1.452693	1.589770	58.478000	55.700000	
0.038213	1.431410	1.552224	59.224000	57.520000	
0.036677	1.391035	1.605624	60.202000	55.750000	
0.035155	1.369531	1.623882	60.724000	56.210000	
0.033647	1.351810	1.559270	61.006000	56.360000	
0.032156	1.326260	1.526769	61.804000	58.210000	
0.030683	1.286732	1.525909	62.482000	57.360000	
0.029230	1.260559	1.527590	63.166000	58.430000	
0.027797	1.228359	1.491793	64.088000	58.400000	
0.026387	1.196360	1.498399	65.176000	58.980000	
0.025001	1.171848	1.443948	65.724000	58.860000	
0.023639	1.140138	1.487405	66.550000	59.410000	
0.022305	1.106281	1.480062	67.232000	60.390000	
0.020998	1.079294	1.430719	67.794000	61.560000	
0.019720	1.030906	1.403069	69.164000	61.530000	
0.018473	1.008723	1.450620	69.746000	62.010000	
0.017258	0.971627	1.454304	70.796000	62.350000	
0.016075	0.938560	1.359472	71.644000	63.410000	
0.014927	0.894377	1.325162	72.956000	63.220000	
0.013814	0.858860	1.372288	74.020000	64.100000	
0.012738	0.822014	1.414994	74.884000	63.820000	
0.011699	0.777541	1.325736	76.082000	65.030000	
0.010698	0.745933	1.369283	76.870000	64.000000	
0.009737	0.706797	1.348677	78.080000	65.720000	
0.008817	0.662759	1.372738	79.088000	65.760000	
0.007938	0.622880	1.331899	80.484000	66.500000	
0.007102	0.578887	1.312850	81.638000	67.180000	
0.006308	0.532790	1.306487	82.892000	67.280000	
0.005559	0.491346	1.438355	84.392000	67.390000	
0.004855	0.444471	1.347328	85.678000	68.080000	
0.004196	0.408353	1.432683	86.546000	67.840000	
0.003583	0.376314	1.487128	87.642000	68.720000	
0.003016	0.332781	1.575733	89.070000	68.370000	
0.002497	0.301497	1.568291	90.148000	68.490000	
0.002026	0.263928	1.529334	91.224000	68.500000	
0.001604	0.240437	1.642973	92.068000	68.900000	
0.001229	0.213875	1.683258	92.930000	69.000000	
0.000905	0.195102	1.705910	93.456000	69.460000	
0.000629	0.178377	1.761341	94.050000	69.360000	
0.000403	0.165756	1.851705	94.386000	69.870000	
0.000227	0.156764	1.809690	94.708000	69.730000	
0.000102	0.147272	1.789186	95.102000	70.010000	
0.000026	0.144004	1.785862	95.202000	69.550000	
