Learning Rate	Train Loss	Valid Loss	Train Acc.	Valid Acc.	
0.000001	4.776805	4.807769	0.928000	0.930000	
0.050000	4.474393	4.316984	2.196000	3.570000	
0.099975	4.155888	4.012209	5.114000	6.780000	
0.099899	3.819533	3.610204	9.518000	13.540000	
0.099774	3.501686	3.406992	15.234000	17.430000	
0.099598	3.206995	3.209482	20.342000	21.260000	
0.099372	2.939245	2.910158	25.022000	26.560000	
0.099096	2.699587	2.785937	29.830000	31.350000	
0.098772	2.539640	2.505944	33.234000	35.020000	
0.098397	2.365001	2.402662	36.706000	37.150000	
0.097975	2.242295	2.359908	39.150000	38.250000	
0.097504	2.134740	2.101035	41.658000	43.010000	
0.096985	2.047909	2.176247	43.556000	43.720000	
0.096418	1.973099	2.029974	45.572000	44.600000	
0.095805	1.902645	2.083361	47.216000	45.600000	
0.095146	1.844092	1.994684	48.836000	46.760000	
0.094442	1.786891	1.998050	49.984000	47.320000	
0.093693	1.740903	2.273111	50.928000	47.420000	
0.092899	1.697832	1.818501	52.628000	50.700000	
0.092063	1.655478	1.934984	52.916000	48.730000	
0.091184	1.627526	1.838062	53.812000	50.590000	
0.090264	1.618754	1.813621	54.018000	51.390000	
0.089303	1.561882	1.706221	55.156000	52.870000	
0.088302	1.538905	1.767466	55.956000	52.110000	
0.087263	1.506284	1.768447	57.074000	51.660000	
0.086187	1.481909	1.669867	57.328000	54.580000	
0.085074	1.458280	2.014715	58.328000	54.170000	
0.083926	1.442591	1.738632	58.502000	53.290000	
0.082743	1.407808	1.717338	59.566000	54.780000	
0.081528	1.388417	1.669390	59.890000	55.530000	
0.080281	1.376250	3.884987	60.180000	54.650000	
0.079003	1.355796	1.717685	60.568000	55.810000	
0.077696	1.330939	1.673567	61.258000	54.400000	
0.076362	1.325752	1.594939	61.492000	56.210000	
0.075000	1.311808	1.745691	61.778000	56.330000	
0.073614	1.312632	3.888912	61.866000	55.410000	
0.072204	1.264812	2.032492	63.242000	55.370000	
0.070771	1.244687	1.649135	63.592000	56.340000	
0.069318	1.244179	1.668191	63.586000	55.270000	
0.067845	1.221292	1.550344	64.130000	57.860000	
0.066354	1.183782	1.458049	65.118000	59.950000	
0.064846	1.171257	1.436008	65.834000	59.740000	
0.063324	1.148085	1.451035	66.026000	60.420000	
0.061788	1.132693	1.467259	66.656000	60.080000	
0.060241	1.161032	1.532340	65.696000	59.740000	
0.058683	1.111209	1.661304	66.892000	59.750000	
0.057116	1.097546	1.574731	67.504000	58.430000	
0.055542	1.071682	1.617604	68.140000	59.050000	
0.053963	1.055943	1.470752	68.340000	60.300000	
0.052380	1.044602	1.711044	68.882000	61.260000	
0.050794	1.011493	1.451756	69.682000	61.010000	
0.049207	1.004504	1.642073	69.932000	61.220000	
0.047621	0.976755	1.615519	70.590000	59.970000	
0.046038	0.972649	1.473143	70.744000	60.500000	
0.044459	0.939375	1.693031	71.742000	61.090000	
0.042885	0.912309	1.426626	72.306000	62.380000	
0.041318	0.909274	1.563989	72.450000	62.330000	
0.039760	0.878299	1.777660	73.324000	62.100000	
0.038213	0.857929	1.363921	73.956000	63.270000	
0.036677	0.831324	1.347328	74.628000	64.230000	
0.035155	0.813430	2.831002	74.924000	62.350000	
0.033647	0.799214	1.500199	75.514000	62.670000	
0.032156	0.779270	4.084336	76.180000	61.980000	
0.030683	0.749417	1.712243	76.846000	63.180000	
0.029230	0.731251	2.414058	77.376000	63.890000	
0.027797	0.714960	3.842716	78.036000	61.830000	
0.026387	0.683360	1.415436	78.890000	64.510000	
0.025001	0.657930	1.336600	79.686000	65.440000	
0.023639	0.635552	1.311051	80.386000	65.780000	
0.022305	0.615024	1.333442	80.896000	64.920000	
0.020998	0.585187	1.730173	81.614000	65.670000	
0.019720	0.564038	1.378013	82.254000	65.340000	
0.018473	0.534793	1.305607	83.246000	66.960000	
0.017258	0.510268	1.646200	84.010000	65.630000	
0.016075	0.483394	8.810837	84.766000	64.790000	
0.014927	0.456882	4.861984	85.706000	65.400000	
0.013814	0.447292	5.528674	85.992000	65.800000	
0.012738	0.435984	1.262838	86.322000	67.660000	
0.011699	0.386165	1.448266	87.958000	67.810000	
0.010698	0.360247	1.418027	88.966000	66.900000	
0.009737	0.337585	1.289438	89.588000	68.440000	
0.008817	0.311936	1.898080	90.460000	66.810000	
0.007938	0.289792	2.284427	91.224000	67.340000	
0.007102	0.265888	4.846983	92.150000	66.780000	
0.006308	0.245471	1.538366	92.780000	68.640000	
0.005559	0.226633	1.422178	93.492000	68.670000	
0.004855	0.208341	3.802214	94.192000	68.030000	
0.004196	0.197178	1.460939	94.410000	68.540000	
0.003583	0.179419	6.054387	95.156000	68.110000	
0.003016	0.168848	1.727034	95.544000	68.650000	
0.002497	0.159000	3.299907	95.946000	67.850000	
0.002026	0.149405	2.761776	96.226000	68.320000	
0.001604	0.144452	1.450268	96.444000	69.260000	
0.001229	0.139776	8.914466	96.574000	67.120000	
0.000905	0.134935	3.273851	96.810000	68.580000	
0.000629	0.129747	2.346314	96.930000	69.220000	
0.000403	0.128557	5.249948	96.972000	65.900000	
0.000227	0.125192	1.352431	97.154000	69.540000	
0.000102	0.127054	1.467391	97.068000	68.900000	
0.000026	0.122749	1.331825	97.258000	69.680000	
