Learning Rate	Train Loss	Valid Loss	Train Acc.	Valid Acc.	
0.000001	6.354576	6.175039	1.026000	1.010000	
0.050000	4.966242	4.681813	1.228000	1.370000	
0.099975	4.692322	4.514935	1.722000	2.220000	
0.099899	4.515437	4.457419	2.238000	2.620000	
0.099774	4.415635	4.585869	2.740000	2.850000	
0.099598	4.322798	4.282921	3.530000	4.050000	
0.099372	4.222363	4.138316	4.810000	5.770000	
0.099096	4.067931	4.189113	5.998000	6.340000	
0.098772	3.961026	3.978402	7.644000	8.580000	
0.098397	3.805916	3.841375	9.890000	10.530000	
0.097975	3.640979	3.656750	12.344000	13.410000	
0.097504	3.448245	3.350279	15.696000	18.300000	
0.096985	3.226269	3.161800	19.606000	20.560000	
0.096418	2.993633	2.924351	23.870000	25.320000	
0.095805	2.769329	2.683362	28.090000	30.330000	
0.095146	2.575353	2.627514	32.220000	31.660000	
0.094442	2.404981	2.706007	35.946000	32.670000	
0.093693	2.265642	2.394675	39.168000	37.140000	
0.092899	2.146052	2.298270	41.754000	39.790000	
0.092063	2.032170	2.238110	44.052000	41.630000	
0.091184	1.939954	2.093728	46.718000	43.560000	
0.090264	1.875432	2.080134	47.888000	44.470000	
0.089303	1.817514	2.212125	49.524000	42.260000	
0.088302	1.756854	1.972553	50.764000	46.620000	
0.087263	1.694706	1.912505	52.348000	48.650000	
0.086187	1.664972	1.921744	53.080000	48.460000	
0.085074	1.612538	1.931183	54.310000	48.640000	
0.083926	1.582205	2.261968	54.956000	44.490000	
0.082743	1.538857	1.912821	56.086000	49.340000	
0.081528	1.512692	2.021180	56.790000	48.160000	
0.080281	1.488891	1.935372	57.298000	49.020000	
0.079003	1.458352	1.901506	57.962000	50.380000	
0.077696	1.421781	1.694610	59.152000	53.980000	
0.076362	1.397472	1.852054	59.612000	52.590000	
0.075000	1.378048	2.007383	60.192000	49.620000	
0.073614	1.344587	1.964769	61.156000	50.080000	
0.072204	1.328066	2.186297	61.528000	47.350000	
0.070771	1.297732	2.009178	62.212000	49.660000	
0.069318	1.279876	1.736422	62.490000	52.260000	
0.067845	1.262395	1.784515	62.970000	52.900000	
0.066354	1.242880	1.757945	63.554000	53.530000	
0.064846	1.215314	1.731722	64.308000	54.470000	
0.063324	1.191782	1.659232	64.972000	55.640000	
0.061788	1.169969	1.704171	65.488000	55.090000	
0.060241	1.153255	1.764890	65.886000	55.080000	
0.058683	1.124110	1.783649	66.758000	54.260000	
0.057116	1.115577	1.582111	66.654000	58.140000	
0.055542	1.084408	1.832962	67.398000	54.290000	
0.053963	1.065740	1.644997	68.236000	56.600000	
0.052380	1.039441	1.615203	68.824000	58.200000	
0.050794	1.015911	1.508763	69.640000	59.170000	
0.049207	1.005812	1.806380	69.666000	55.790000	
0.047621	0.981039	1.752324	70.430000	56.830000	
0.046038	0.965801	1.577170	70.864000	58.260000	
0.044459	0.930819	1.759176	71.884000	56.380000	
0.042885	0.915657	1.518845	72.148000	60.240000	
0.041318	0.888753	1.664025	72.844000	58.100000	
0.039760	0.881534	1.572281	73.010000	59.920000	
0.038213	0.840099	1.515754	74.418000	60.360000	
0.036677	0.812336	1.539580	74.892000	60.240000	
0.035155	0.801204	1.546720	75.358000	59.800000	
0.033647	0.763909	1.527188	76.454000	60.550000	
0.032156	0.738827	1.538229	77.044000	60.970000	
0.030683	0.713980	1.478281	77.670000	61.620000	
0.029230	0.690307	1.520554	78.360000	61.460000	
0.027797	0.670338	1.486493	79.198000	62.750000	
0.026387	0.636588	1.622371	80.110000	61.460000	
0.025001	0.609513	1.477811	80.642000	63.550000	
0.023639	0.575785	1.462641	81.802000	63.990000	
0.022305	0.561168	1.422639	82.232000	64.050000	
0.020998	0.539487	1.487367	82.858000	64.130000	
0.019720	0.506563	1.447681	83.984000	64.250000	
0.018473	0.478625	1.445466	84.840000	65.640000	
0.017258	0.455694	1.405232	85.346000	65.970000	
0.016075	0.429630	1.449221	86.402000	65.530000	
0.014927	0.396420	1.478477	87.186000	65.100000	
0.013814	0.362149	1.419176	88.248000	66.810000	
0.012738	0.329452	1.445084	89.432000	66.540000	
0.011699	0.314061	1.455969	89.980000	67.120000	
0.010698	0.279977	1.478122	91.024000	67.020000	
0.009737	0.259158	1.392449	91.842000	68.090000	
0.008817	0.236342	1.434538	92.678000	67.920000	
0.007938	0.211028	1.391049	93.482000	68.380000	
0.007102	0.187483	1.427675	94.288000	68.790000	
0.006308	0.172488	1.391372	94.756000	68.970000	
0.005559	0.151079	1.420691	95.574000	68.860000	
0.004855	0.132365	1.422783	96.318000	69.200000	
0.004196	0.122951	1.416574	96.626000	69.610000	
0.003583	0.106960	1.408934	97.146000	69.830000	
0.003016	0.096510	1.429449	97.632000	69.690000	
0.002497	0.090871	1.418451	97.742000	70.140000	
0.002026	0.082423	1.409541	98.096000	70.010000	
0.001604	0.077670	1.417024	98.234000	69.980000	
0.001229	0.073585	1.434240	98.384000	70.040000	
0.000905	0.071480	1.428870	98.516000	70.140000	
0.000629	0.069228	1.422077	98.574000	70.160000	
0.000403	0.067878	1.428840	98.626000	70.500000	
0.000227	0.064702	1.423727	98.696000	70.180000	
0.000102	0.064492	1.424308	98.698000	70.270000	
0.000026	0.063170	1.428872	98.704000	70.300000	
0.000227	0.063571	1.422837	98.746000	70.170000	
0.000102	0.064827	1.424023	98.720000	70.270000	
0.000026	0.063860	1.426339	98.746000	70.250000	
