Learning Rate	Train Loss	Valid Loss	Train Acc.	Valid Acc.	
0.000001	4.607803	4.607724	0.884000	0.860000	
0.050000	4.606449	4.604113	0.956000	0.980000	
0.099975	4.479770	4.186505	2.418000	4.180000	
0.099899	3.947454	3.769654	7.974000	10.390000	
0.099774	3.552916	3.418320	14.316000	17.340000	
0.099598	3.203474	3.114798	20.766000	22.260000	
0.099372	2.904952	2.853803	26.164000	26.480000	
0.099096	2.667662	2.706159	30.568000	30.300000	
0.098772	2.478195	2.485352	34.486000	34.060000	
0.098397	2.338924	2.376646	37.512000	37.450000	
0.097975	2.234693	2.429139	39.994000	37.490000	
0.097504	2.192451	2.125630	40.862000	42.220000	
0.096985	2.138691	2.257066	42.184000	39.280000	
0.096418	2.118660	2.401842	42.602000	39.970000	
0.095805	2.112258	2.511862	42.508000	36.450000	
0.095146	2.158549	2.333347	42.082000	39.130000	
0.094442	2.166003	2.259177	41.762000	39.410000	
0.093693	2.217924	2.431088	40.582000	36.680000	
0.092899	2.249548	2.398958	40.072000	38.070000	
0.092063	2.321002	2.774314	38.794000	32.350000	
0.091184	2.367192	2.615254	37.792000	32.980000	
0.090264	2.413642	2.590407	36.608000	34.330000	
0.089303	2.431889	2.791903	36.376000	31.760000	
0.088302	2.480634	2.843707	35.132000	30.190000	
0.087263	2.495399	3.080639	34.894000	28.390000	
0.086187	2.503705	2.466561	34.838000	35.880000	
0.085074	2.537710	2.440923	34.360000	36.190000	
0.083926	2.500920	2.753199	34.640000	30.780000	
0.082743	2.466161	2.415528	35.498000	37.370000	
0.081528	2.444692	2.539628	35.700000	34.420000	
0.080281	2.482244	2.709723	35.264000	31.620000	
0.079003	2.448903	2.522851	35.790000	34.710000	
0.077696	2.409527	2.433256	36.706000	36.360000	
0.076362	2.371065	2.415391	37.420000	37.470000	
0.075000	2.330701	2.507652	38.478000	34.750000	
0.073614	2.340971	2.496030	38.252000	36.000000	
0.072204	2.297555	2.374967	39.192000	38.660000	
0.070771	2.266340	2.232209	39.804000	41.540000	
0.069318	2.222651	2.289086	40.618000	38.630000	
0.067845	2.199805	2.291227	41.230000	40.440000	
0.066354	2.170194	2.381792	41.982000	37.170000	
0.064846	2.151497	2.189714	42.482000	42.090000	
0.063324	2.110432	2.250259	43.176000	40.460000	
0.061788	2.072524	2.224952	44.088000	40.660000	
0.060241	2.041401	2.056609	44.914000	45.250000	
0.058683	2.026676	2.162249	44.976000	44.960000	
0.057116	1.995060	2.012985	45.508000	45.180000	
0.055542	1.972952	2.019963	46.016000	45.690000	
0.053963	1.938665	2.126070	47.114000	44.500000	
0.052380	1.913748	1.967202	47.594000	46.890000	
0.050794	1.875642	1.934990	48.622000	47.860000	
0.049207	1.840247	1.905042	49.178000	49.030000	
0.047621	1.788285	1.945540	50.554000	47.770000	
0.046038	1.756508	1.845694	51.364000	49.960000	
0.044459	1.727042	1.936332	51.904000	49.020000	
0.042885	1.712162	1.995125	52.136000	48.590000	
0.041318	1.670814	1.803238	53.486000	50.680000	
0.039760	1.642310	1.822878	53.856000	50.030000	
0.038213	1.608741	1.782048	54.574000	51.500000	
0.036677	1.575617	1.693648	55.594000	54.100000	
0.035155	1.533301	1.725065	56.566000	54.000000	
0.033647	1.495583	1.783528	57.510000	52.550000	
0.032156	1.471236	1.603934	58.118000	55.470000	
0.030683	1.424385	1.564977	59.398000	56.260000	
0.029230	1.397076	1.537311	59.932000	57.220000	
0.027797	1.351306	1.547632	61.226000	56.770000	
0.026387	1.323685	1.667299	61.836000	55.690000	
0.025001	1.285037	1.489735	62.812000	58.330000	
0.023639	1.248490	1.582462	63.826000	58.110000	
0.022305	1.202708	1.481701	64.690000	58.830000	
0.020998	1.171434	1.490900	65.732000	59.200000	
0.019720	1.129270	1.460770	66.976000	60.350000	
0.018473	1.086222	1.462428	67.902000	60.910000	
0.017258	1.048993	1.432461	68.824000	60.440000	
0.016075	1.013927	1.435384	69.862000	62.640000	
0.014927	0.966377	1.416506	70.916000	62.280000	
0.013814	0.918583	1.377771	72.244000	63.110000	
0.012738	0.872831	1.353114	73.616000	63.610000	
0.011699	0.832839	1.344760	74.552000	63.990000	
0.010698	0.793940	1.347397	75.622000	64.910000	
0.009737	0.748813	1.297323	76.962000	65.540000	
0.008817	0.704590	1.274898	78.174000	64.930000	
0.007938	0.656865	1.352107	79.486000	65.980000	
0.007102	0.609323	1.367366	80.696000	65.750000	
0.006308	0.564658	1.344769	81.974000	67.190000	
0.005559	0.515778	1.363358	83.556000	66.840000	
0.004855	0.475219	1.357189	84.644000	67.910000	
0.004196	0.432040	1.359809	86.002000	67.870000	
0.003583	0.397533	1.445967	87.184000	67.780000	
0.003016	0.361094	1.454961	88.424000	67.860000	
0.002497	0.315604	1.465650	89.700000	68.400000	
0.002026	0.289342	1.530493	90.670000	68.150000	
0.001604	0.254916	1.591800	91.684000	68.340000	
0.001229	0.235935	1.657748	92.226000	69.160000	
0.000905	0.209765	1.779583	93.078000	69.030000	
0.000629	0.195272	1.776281	93.428000	68.820000	
0.000403	0.180231	1.866468	94.112000	68.730000	
0.000227	0.171298	1.785589	94.292000	68.770000	
0.000102	0.163572	1.776048	94.556000	69.020000	
0.000026	0.165982	1.826713	94.576000	68.850000	
