Learning Rate	Train Loss	Valid Loss	Train Acc.	Valid Acc.	
0.000001	4.608049	4.608057	0.996000	1.040000	
0.050000	4.574210	4.532814	1.440000	2.280000	
0.099975	4.258008	3.903348	4.684000	8.460000	
0.099899	3.751714	3.620403	10.852000	13.050000	
0.099774	3.402738	3.256268	16.742000	19.560000	
0.099598	3.043762	2.914150	23.366000	24.840000	
0.099372	2.770112	2.730952	27.984000	29.760000	
0.099096	2.562117	2.668615	32.822000	31.910000	
0.098772	2.404885	2.415047	36.002000	36.510000	
0.098397	2.281237	2.340226	38.610000	39.030000	
0.097975	2.203132	2.430350	40.598000	38.210000	
0.097504	2.139064	2.185328	42.174000	41.160000	
0.096985	2.105139	2.090949	42.852000	43.590000	
0.096418	2.118823	2.340970	42.734000	38.220000	
0.095805	2.113132	2.119403	42.824000	44.690000	
0.095146	2.137458	2.195510	42.080000	41.400000	
0.094442	2.138720	2.336259	42.270000	38.690000	
0.093693	2.193556	2.271143	40.896000	39.680000	
0.092899	2.232445	2.544043	40.284000	35.740000	
0.092063	2.301690	2.459004	38.856000	36.000000	
0.091184	2.322596	2.445774	38.636000	36.620000	
0.090264	2.415393	2.461967	36.774000	35.950000	
0.089303	2.421546	2.855660	36.618000	30.320000	
0.088302	2.477924	2.590160	35.412000	33.550000	
0.087263	2.487296	2.532306	35.198000	34.120000	
0.086187	2.454272	2.527279	35.908000	35.370000	
0.085074	2.450953	2.687292	36.238000	32.570000	
0.083926	2.496866	2.766954	35.040000	30.640000	
0.082743	2.477384	2.469341	35.466000	36.390000	
0.081528	2.452138	2.686524	35.884000	31.560000	
0.080281	2.430144	2.379656	36.336000	37.810000	
0.079003	2.404062	2.604024	36.648000	33.240000	
0.077696	2.401229	2.501577	36.804000	36.480000	
0.076362	2.376612	2.632372	37.650000	34.200000	
0.075000	2.368932	2.495576	37.570000	36.990000	
0.073614	2.325680	2.470080	38.508000	36.140000	
0.072204	2.318520	2.383860	38.516000	38.010000	
0.070771	2.265272	2.474438	39.838000	37.670000	
0.069318	2.236676	2.258627	40.726000	39.950000	
0.067845	2.180709	2.289399	41.698000	38.970000	
0.066354	2.157636	2.231270	41.958000	41.460000	
0.095146	2.133936	2.348850	42.530000	38.810000	
0.094442	2.178831	2.382220	41.432000	37.980000	
0.093693	2.205135	2.408524	41.016000	37.890000	
0.092899	2.245665	2.862168	40.338000	33.290000	
0.092063	2.313423	2.487338	38.908000	35.710000	
0.091184	2.348747	2.491566	38.078000	34.870000	
0.090264	2.398021	2.516540	36.938000	34.500000	
0.089303	2.392066	2.695850	37.300000	32.280000	
0.088302	2.430141	2.742605	36.220000	31.150000	
0.087263	2.450020	2.676284	35.950000	32.780000	
0.086187	2.481752	2.499539	35.288000	35.430000	
0.095146	2.138791	2.398114	42.408000	37.400000	
0.094442	2.159166	2.559108	41.972000	35.920000	
0.093693	2.200378	2.149673	41.120000	42.520000	
0.092899	2.234255	2.418599	40.436000	36.100000	
0.092063	2.311121	2.488407	38.868000	34.950000	
0.091184	2.363467	2.606479	37.750000	35.710000	
0.090264	2.387579	2.596558	36.870000	34.290000	
0.095146	2.132954	2.258840	42.782000	40.030000	
0.094442	2.141241	2.255367	42.142000	41.390000	
0.093693	2.184526	2.379233	41.694000	38.220000	
0.092899	2.229625	2.459479	40.362000	36.720000	
0.092063	2.292322	2.513313	39.302000	35.600000	
0.091184	2.322733	2.650023	38.538000	33.290000	
0.090264	2.416909	2.580611	36.812000	33.930000	
0.089303	2.432504	2.556233	36.350000	33.650000	
0.088302	2.460628	2.580939	35.812000	33.050000	
0.087263	2.449806	2.687084	35.780000	33.430000	
0.086187	2.491521	2.771624	35.222000	30.650000	
0.085074	2.458443	2.703864	35.614000	32.220000	
0.083926	2.437613	2.399986	36.090000	37.730000	
0.082743	2.471748	2.625729	35.480000	34.090000	
0.081528	2.447397	2.742011	36.324000	31.160000	
0.080281	2.415196	2.508117	36.696000	35.260000	
0.079003	2.389746	2.414126	37.250000	37.330000	
0.077696	2.373202	2.609422	37.718000	34.350000	
0.076362	2.341795	2.559863	38.052000	33.750000	
0.075000	2.350915	2.419426	37.842000	36.380000	
0.073614	2.311052	2.329290	39.024000	38.470000	
0.072204	2.293893	2.425842	39.356000	37.280000	
0.070771	2.240117	2.201776	40.398000	41.720000	
0.069318	2.216570	2.297604	40.858000	39.760000	
0.095146	2.134575	2.383069	42.394000	38.340000	
0.094442	2.154607	2.386472	42.236000	38.560000	
0.093693	2.197721	2.356121	41.260000	38.300000	
0.092899	2.241125	2.441827	40.232000	36.350000	
0.092063	2.307212	2.517479	38.896000	34.990000	
0.091184	2.332132	2.523207	38.416000	36.790000	
0.090264	2.381065	2.522342	37.464000	34.420000	
0.089303	2.389273	2.734628	36.952000	32.790000	
0.088302	2.420503	2.502002	36.442000	36.520000	
0.087263	2.498030	2.685701	35.178000	31.700000	
0.086187	2.482286	2.548978	35.386000	35.060000	
0.085074	2.453670	2.472854	35.800000	35.610000	
0.083926	2.458343	2.552049	35.708000	34.650000	
0.082743	2.483506	2.574480	35.644000	34.170000	
0.081528	2.519014	2.653057	34.576000	32.530000	
0.080281	2.433915	2.558640	36.126000	34.540000	
0.079003	2.408789	2.611210	36.960000	34.510000	
0.077696	2.414127	2.497592	36.816000	35.140000	
0.076362	2.392213	2.346680	37.202000	38.680000	
0.075000	2.334463	2.381059	38.694000	37.480000	
0.073614	2.304345	2.380854	39.318000	38.330000	
0.072204	2.283223	2.396432	39.230000	37.830000	
0.070771	2.255713	2.307641	40.282000	40.120000	
0.069318	2.236729	2.545210	40.410000	34.730000	
0.067845	2.186096	2.101810	41.624000	43.310000	
0.066354	2.189487	2.212043	41.412000	41.110000	
0.064846	2.116897	2.356987	42.984000	40.890000	
0.063324	2.098940	2.332178	43.206000	40.660000	
0.061788	2.071805	2.287207	43.792000	41.000000	
0.060241	2.049947	2.130892	44.432000	42.310000	
0.058683	1.996489	2.042766	46.044000	45.620000	
0.057116	1.986974	2.044897	46.026000	45.710000	
0.055542	1.945868	2.012067	46.824000	46.360000	
0.053963	1.916504	2.022535	47.510000	47.460000	
0.052380	1.887467	1.994645	48.216000	47.050000	
0.050794	1.858403	1.979326	48.984000	47.670000	
0.049207	1.823045	1.879227	49.768000	49.150000	
0.047621	1.791361	1.978509	50.466000	48.520000	
0.046038	1.760736	1.858293	51.114000	49.410000	
0.044459	1.713581	1.789609	52.228000	51.360000	
0.042885	1.702296	1.742602	52.556000	52.720000	
0.041318	1.669361	1.814956	53.528000	51.820000	
0.039760	1.633934	1.777069	54.430000	51.820000	
0.038213	1.592268	1.733361	55.150000	52.430000	
0.036677	1.554271	1.651757	56.244000	54.420000	
0.035155	1.520705	1.667197	56.678000	54.000000	
0.033647	1.483825	1.625616	57.758000	55.630000	
0.032156	1.466109	1.640153	58.272000	55.530000	
0.030683	1.430016	1.598996	59.178000	56.660000	
0.029230	1.375608	1.513927	60.746000	58.090000	
0.027797	1.346926	1.658447	61.258000	55.220000	
0.026387	1.320316	1.605024	61.962000	56.440000	
0.025001	1.261853	1.560929	63.232000	57.700000	
0.023639	1.236513	1.555303	64.106000	58.150000	
0.022305	1.201794	1.467040	64.938000	59.260000	
0.020998	1.159706	1.465340	65.884000	59.620000	
0.019720	1.126988	1.451589	66.762000	59.970000	
0.018473	1.079205	1.426757	68.022000	61.600000	
0.017258	1.045210	1.391676	68.924000	61.850000	
0.016075	1.001202	1.401315	70.006000	62.320000	
0.014927	0.962313	1.367420	70.970000	62.860000	
0.013814	0.907464	1.354207	72.694000	63.820000	
0.012738	0.875562	1.282050	73.428000	64.740000	
0.011699	0.824816	1.333777	74.728000	63.270000	
0.010698	0.787144	1.412100	75.846000	63.810000	
0.009737	0.745235	1.307040	77.018000	65.050000	
0.008817	0.685866	1.341678	78.640000	65.910000	
0.007938	0.656925	1.333453	79.382000	65.840000	
0.007102	0.610830	1.312912	80.760000	67.240000	
0.006308	0.564800	1.314343	81.974000	67.070000	
0.005559	0.524026	1.362600	83.136000	66.970000	
0.004855	0.476196	1.430833	84.776000	67.060000	
0.004196	0.431622	1.389822	86.098000	67.710000	
0.003583	0.394284	1.467206	87.208000	67.450000	
0.003016	0.354929	1.487761	88.538000	68.260000	
0.002497	0.317291	1.573655	89.716000	68.780000	
0.002026	0.287964	1.594919	90.600000	68.850000	
0.001604	0.258178	1.580819	91.458000	69.040000	
0.001229	0.226815	1.620608	92.524000	68.760000	
0.000905	0.206032	1.714594	93.172000	69.150000	
0.000629	0.190834	1.700253	93.636000	69.810000	
0.000403	0.177898	1.766813	94.132000	69.760000	
0.000227	0.169103	1.756673	94.604000	69.580000	
0.000102	0.163545	1.723892	94.636000	69.780000	
0.000026	0.160771	1.811560	94.550000	69.570000	
