Learning Rate	Train Loss	Valid Loss	Train Acc.	Valid Acc.	
0.000001	4.779097	4.785505	0.880000	0.830000	
0.050000	4.199796	3.913839	5.408000	9.020000	
0.099994	3.887619	3.799662	9.254000	11.280000	
0.099975	3.465572	3.729039	15.768000	15.140000	
0.099944	3.087478	3.176670	22.658000	21.740000	
0.099900	2.738561	2.719162	29.210000	30.380000	
0.099844	2.494556	2.511696	34.370000	35.210000	
0.099776	2.341034	2.417799	37.442000	36.620000	
0.099695	2.209589	2.309188	40.642000	38.870000	
0.099602	2.130137	2.292927	42.560000	39.900000	
0.099496	2.067405	2.297088	43.848000	40.040000	
0.099378	2.011828	2.154535	45.080000	42.900000	
0.099248	1.974355	2.070814	46.034000	45.120000	
0.099105	1.938718	2.028566	46.986000	45.000000	
0.098951	1.900613	2.053296	47.606000	44.580000	
0.098784	1.877575	1.958448	48.330000	47.170000	
0.098605	1.856672	1.997811	48.714000	46.380000	
0.098413	1.840293	1.959418	49.334000	48.250000	
0.098210	1.825684	1.975717	49.398000	47.460000	
0.097995	1.810131	1.952289	49.976000	47.540000	
0.097768	1.795445	1.931172	50.174000	48.300000	
0.097528	1.781726	1.961664	50.604000	46.700000	
0.097277	1.770350	1.898861	51.006000	48.480000	
0.097015	1.766548	1.914658	51.254000	49.160000	
0.096740	1.752276	1.862034	51.476000	50.250000	
0.096454	1.738453	1.941863	51.682000	48.600000	
0.096156	1.739875	1.917362	52.014000	48.380000	
0.095847	1.732819	1.967816	52.092000	47.910000	
0.095526	1.724919	1.896097	52.272000	49.140000	
0.095194	1.723612	1.931107	52.258000	48.310000	
0.094851	1.714877	1.934255	52.470000	47.700000	
0.094497	1.707645	1.931948	52.460000	48.210000	
0.094131	1.702868	1.837066	52.632000	50.000000	
0.093754	1.700800	1.845929	52.606000	49.730000	
0.093367	1.695504	1.871063	52.814000	49.970000	
0.092969	1.692290	1.822985	53.102000	50.680000	
0.092560	1.680990	1.875310	53.316000	49.320000	
0.092140	1.686856	1.870835	53.058000	49.320000	
0.091710	1.682241	1.886307	52.822000	49.280000	
0.091270	1.675940	1.910243	53.344000	49.310000	
0.090819	1.679876	1.972862	53.230000	47.690000	
0.090358	1.669814	1.847588	53.324000	49.920000	
0.089887	1.667756	1.905668	53.446000	48.630000	
0.089406	1.672361	1.869926	53.510000	49.520000	
0.088915	1.656445	1.897901	53.962000	48.780000	
0.088415	1.661068	1.818902	53.618000	50.870000	
0.087905	1.665179	1.846858	53.564000	50.220000	
0.087385	1.661468	1.826560	53.492000	50.220000	
0.086857	1.652736	1.863853	53.972000	50.340000	
0.086319	1.653833	1.885103	53.956000	49.190000	
0.085772	1.656640	1.885488	53.958000	49.950000	
0.085216	1.657363	1.863762	53.826000	49.980000	
0.084651	1.649678	1.849403	54.052000	50.550000	
0.084078	1.649189	1.876610	54.166000	49.920000	
0.083496	1.647757	1.824220	54.088000	50.800000	
0.082906	1.643483	1.851478	54.164000	50.640000	
0.082307	1.641597	1.902178	54.444000	49.700000	
0.081701	1.643600	1.849482	54.264000	51.000000	
0.081086	1.641533	1.882256	54.208000	49.220000	
0.080464	1.638651	1.856439	54.368000	50.040000	
0.079835	1.637103	1.879553	54.448000	50.240000	
0.079198	1.638517	1.854251	54.558000	50.640000	
0.078553	1.638540	1.865743	54.510000	49.920000	
0.077902	1.632188	1.875767	54.630000	50.190000	
0.077243	1.638654	1.840143	54.568000	50.480000	
0.076578	1.638630	1.863344	54.556000	50.230000	
0.075906	1.631746	1.859909	54.626000	50.880000	
0.075228	1.632589	1.893617	54.734000	49.940000	
0.074543	1.632318	1.806978	54.710000	51.060000	
0.073852	1.632376	1.798454	54.698000	51.450000	
0.073156	1.631438	1.798351	54.394000	51.320000	
0.072453	1.633715	1.849278	54.512000	50.830000	
0.071745	1.629904	1.899470	54.666000	49.800000	
0.071032	1.628896	1.879340	54.796000	50.030000	
0.070313	1.628635	1.887529	54.662000	49.980000	
0.069589	1.622924	1.906234	54.860000	49.140000	
0.068861	1.626343	1.808182	54.690000	51.380000	
0.068127	1.623168	1.835983	54.792000	51.230000	
0.067389	1.626397	1.869593	54.664000	49.580000	
0.066647	1.625871	1.849060	54.676000	50.920000	
0.065901	1.620982	1.848005	55.074000	50.880000	
0.065151	1.627425	1.847863	54.750000	50.250000	
0.064397	1.621866	1.866782	54.932000	49.930000	
0.063639	1.620014	1.827109	54.930000	51.150000	
0.062878	1.620119	1.874679	54.860000	50.530000	
0.062113	1.622712	1.837305	54.802000	50.810000	
0.061346	1.622600	1.798336	54.946000	51.990000	
0.060576	1.623202	1.880348	54.888000	49.600000	
0.059803	1.620431	1.874700	54.928000	49.990000	
0.059028	1.614681	1.858038	55.340000	50.890000	
0.058251	1.618171	1.848462	54.920000	50.950000	
0.057471	1.623187	1.866316	55.184000	50.560000	
0.056690	1.617506	1.840287	55.082000	50.940000	
0.055907	1.619762	1.843412	55.272000	50.500000	
0.055122	1.628290	1.838667	54.728000	50.740000	
0.054336	1.620125	1.908872	55.002000	49.810000	
0.053550	1.618153	1.842757	55.030000	50.780000	
0.052762	1.621761	1.891098	54.864000	50.110000	
0.051973	1.621713	1.882798	55.120000	50.120000	
0.051184	1.620520	1.872317	55.172000	50.350000	
0.050395	1.620112	1.818534	55.218000	51.260000	
0.049606	1.622491	1.868617	55.080000	49.940000	
0.048817	1.619561	1.882237	55.198000	49.710000	
0.048028	1.618562	1.877671	55.086000	50.270000	
0.047239	1.617787	1.846923	55.246000	50.250000	
0.046451	1.616328	1.883748	55.286000	50.480000	
0.045665	1.620509	1.824532	55.396000	51.420000	
0.044879	1.620160	1.843456	55.226000	50.790000	
0.044094	1.618387	1.828142	55.232000	50.790000	
0.043311	1.618233	1.866000	55.370000	50.720000	
0.042530	1.621902	1.834617	55.184000	51.330000	
0.041750	1.623550	1.815428	55.028000	51.090000	
0.040973	1.620589	1.860144	55.296000	50.750000	
0.040198	1.621675	1.833028	55.104000	50.930000	
0.039425	1.618803	1.855104	55.274000	50.870000	
0.038655	1.620342	1.896163	55.108000	49.890000	
0.037888	1.618782	1.878481	55.362000	49.830000	
0.037123	1.624384	1.850083	55.066000	50.750000	
0.036362	1.615370	1.847897	55.370000	51.210000	
0.035604	1.619474	1.846577	55.388000	50.600000	
0.034850	1.624432	1.828821	55.020000	51.310000	
0.034100	1.620422	1.823035	55.184000	51.330000	
0.033354	1.617547	1.872983	55.362000	50.300000	
0.032612	1.616808	1.840226	55.592000	51.080000	
0.031874	1.618344	1.850166	55.456000	50.690000	
0.031140	1.619160	1.845271	55.440000	50.880000	
0.030412	1.618048	1.856618	55.204000	50.780000	
0.029688	1.619709	1.876325	55.382000	50.030000	
0.028969	1.619025	1.853987	55.490000	50.800000	
0.028256	1.620477	1.911607	55.480000	49.590000	
0.027548	1.612431	1.811949	55.334000	51.480000	
0.026845	1.622586	1.856851	55.414000	50.810000	
0.026149	1.618990	1.903417	55.378000	49.710000	
0.025458	1.618568	1.848242	55.428000	50.910000	
0.024773	1.621957	1.884242	55.204000	50.150000	
0.024095	1.619175	1.820086	55.388000	51.290000	
0.023423	1.619511	1.874956	55.538000	50.470000	
0.022758	1.617919	1.861469	55.588000	50.870000	
0.022099	1.617851	1.861979	55.392000	50.620000	
0.021448	1.619998	1.843775	55.550000	50.930000	
0.020803	1.620238	1.857876	55.488000	51.100000	
0.020166	1.621434	1.829974	55.414000	51.070000	
0.019537	1.617579	1.853024	55.494000	50.510000	
0.018915	1.620215	1.870452	55.676000	50.350000	
0.018300	1.619413	1.911414	55.468000	49.900000	
0.017694	1.618492	1.823271	55.584000	51.490000	
0.017095	1.618920	1.835766	55.644000	51.190000	
0.016505	1.620624	1.819370	55.574000	51.540000	
0.015923	1.616513	1.882813	55.668000	50.120000	
0.015350	1.620531	1.937475	55.468000	49.390000	
0.014785	1.617867	1.879133	55.566000	50.510000	
0.014229	1.619774	1.841232	55.448000	50.510000	
0.013682	1.622584	1.806884	55.402000	51.220000	
0.013144	1.619536	1.885652	55.538000	50.070000	
0.012616	1.618741	1.834831	55.552000	50.980000	
0.012096	1.617032	1.857293	55.704000	50.550000	
0.011586	1.618978	1.904965	55.914000	49.800000	
0.011086	1.620772	1.856439	55.676000	51.140000	
0.010595	1.619808	1.873862	55.552000	50.400000	
0.010114	1.617609	1.835957	55.888000	50.780000	
0.009643	1.620043	1.888449	55.568000	50.470000	
0.009182	1.618630	1.854054	55.582000	50.940000	
0.008731	1.616089	1.855574	55.670000	50.640000	
0.008291	1.615605	1.861067	55.578000	50.500000	
0.007861	1.617475	1.824967	55.668000	51.460000	
0.007441	1.616294	1.845560	55.758000	50.870000	
0.007032	1.617443	1.852035	55.662000	50.950000	
0.006634	1.617473	1.923367	55.928000	49.400000	
0.006247	1.616689	1.888850	55.888000	50.470000	
0.005870	1.618424	1.837961	55.752000	51.240000	
0.005504	1.613138	1.819423	55.894000	52.160000	
0.005150	1.614833	1.839117	55.788000	51.120000	
0.004807	1.616042	1.852437	55.964000	50.660000	
0.004475	1.616698	1.856977	55.700000	50.770000	
0.004154	1.615927	1.873223	55.948000	50.360000	
0.003845	1.614847	1.831007	55.736000	51.450000	
0.003547	1.613422	1.894897	55.916000	49.950000	
0.003261	1.613269	1.839947	56.036000	51.030000	
0.002986	1.612114	1.858912	55.896000	50.570000	
0.002724	1.610310	1.854991	55.994000	50.850000	
0.002473	1.617454	1.870534	55.978000	50.870000	
0.002233	1.614082	1.860535	55.910000	50.730000	
0.002006	1.613574	1.848576	55.962000	51.080000	
0.001791	1.615649	1.855127	55.872000	50.790000	
0.001588	1.612950	1.835965	55.992000	51.180000	
0.001396	1.613995	1.876397	56.038000	50.330000	
0.001217	1.609946	1.857964	56.106000	51.020000	
0.001050	1.609466	1.852388	56.216000	50.790000	
0.000896	1.610307	1.849847	55.922000	50.990000	
0.000753	1.611343	1.847813	56.168000	50.700000	
0.000623	1.610935	1.836155	55.980000	50.900000	
0.000505	1.610805	1.837178	56.052000	51.320000	
0.000399	1.611262	1.845495	56.010000	50.970000	
0.000306	1.610287	1.843061	55.982000	50.780000	
0.000225	1.606505	1.854774	56.114000	50.890000	
0.000157	1.611764	1.840720	56.092000	51.350000	
0.000101	1.606137	1.824354	56.066000	51.330000	
0.000057	1.608065	1.898290	56.258000	50.050000	
0.000026	1.611081	1.851339	55.878000	51.060000	
0.000007	1.607661	1.861256	56.012000	51.160000	
