Learning Rate	Train Loss	Valid Loss	Train Acc.	Valid Acc.	
0.000001	4.770176	4.740534	1.032000	1.120000	
0.050000	4.137626	3.844305	5.980000	9.530000	
0.099994	3.824608	3.708920	10.046000	14.140000	
0.099975	3.334657	3.261411	18.218000	20.200000	
0.099944	2.999411	2.943267	23.908000	26.360000	
0.099900	2.735923	2.761295	29.192000	29.890000	
0.099844	2.579493	2.649388	32.858000	31.910000	
0.099776	2.480766	2.547995	34.680000	35.160000	
0.099695	2.351902	2.536904	37.450000	35.860000	
0.099602	2.275716	2.467076	39.206000	36.640000	
0.099496	2.221261	2.536305	40.444000	35.990000	
0.099378	2.171645	2.290954	41.496000	40.210000	
0.099248	2.112468	2.339880	42.798000	39.920000	
0.099105	2.113535	2.246034	42.524000	40.290000	
0.098951	2.066698	2.147402	43.998000	43.120000	
0.098784	2.011414	2.268699	45.078000	40.500000	
0.098605	2.000580	2.217720	45.418000	42.090000	
0.098413	1.980981	2.126631	45.902000	43.290000	
0.098210	1.941866	2.256499	46.966000	42.500000	
0.097995	1.941970	2.364396	46.742000	41.160000	
0.097768	1.925563	2.144119	47.198000	44.280000	
0.097528	1.925496	2.134353	47.110000	44.010000	
0.097277	1.890973	2.096244	47.926000	45.120000	
0.097015	1.866878	2.144857	48.662000	44.660000	
0.096740	1.859006	2.206807	48.804000	44.430000	
0.096454	1.860509	2.062658	48.740000	45.140000	
0.096156	1.842983	2.036745	48.992000	45.490000	
0.095847	1.817331	2.174424	49.970000	44.530000	
0.095526	1.813999	1.953248	50.090000	48.220000	
0.095194	1.803434	2.145813	50.202000	44.340000	
0.094851	1.787884	1.939530	50.516000	48.420000	
0.094497	1.783473	2.214088	50.546000	43.240000	
0.094131	1.780731	1.953146	50.918000	47.700000	
0.093754	1.762139	2.072656	51.196000	45.990000	
0.093367	1.750473	1.927720	51.392000	48.530000	
0.092969	1.739508	2.092785	51.812000	45.760000	
0.092560	1.746234	1.946076	51.524000	48.350000	
0.092140	1.728305	1.958563	51.716000	48.370000	
0.091710	1.727268	2.063580	52.032000	46.490000	
0.091270	1.721458	1.904959	52.052000	48.740000	
0.090819	1.704546	2.058525	52.510000	46.290000	
0.090358	1.714544	2.097947	52.112000	45.960000	
0.089887	1.712395	2.126602	52.216000	44.750000	
0.089406	1.706549	2.001014	52.424000	47.360000	
0.088915	1.694946	2.005081	52.752000	46.860000	
0.088415	1.679619	1.862624	53.096000	49.110000	
0.087905	1.683106	1.821944	53.142000	50.600000	
0.087385	1.657185	1.880603	53.602000	49.590000	
0.086857	1.673827	1.941329	53.198000	49.110000	
0.086319	1.674957	1.854471	53.346000	51.000000	
0.085772	1.632979	1.906762	54.160000	49.030000	
0.085216	1.633478	1.899318	54.134000	49.490000	
0.084651	1.613298	1.912330	54.724000	49.590000	
0.084078	1.602064	1.951143	54.982000	49.650000	
0.083496	1.609132	1.853334	54.826000	50.290000	
0.082906	1.616324	1.775656	54.802000	52.460000	
0.082307	1.592267	1.830001	55.200000	50.970000	
0.081701	1.587689	1.882579	55.450000	49.770000	
0.081086	1.578637	1.856396	55.686000	50.800000	
0.080464	1.562525	1.784608	56.092000	52.480000	
0.079835	1.553307	1.866435	56.394000	50.780000	
0.079198	1.543824	1.761515	56.360000	51.840000	
0.078553	1.556158	1.718464	56.264000	52.750000	
0.077902	1.526693	1.810194	56.492000	51.760000	
0.077243	1.508500	1.801618	57.196000	52.190000	
0.076578	1.505371	1.836334	57.330000	52.170000	
0.075906	1.517900	1.786104	56.770000	52.200000	
0.075228	1.482695	1.696802	57.984000	53.230000	
0.074543	1.482192	1.785317	57.840000	52.290000	
0.073852	1.484000	1.699351	57.750000	53.080000	
0.073156	1.463324	1.715802	58.384000	53.340000	
0.072453	1.443906	1.805443	58.604000	52.760000	
0.071745	1.438468	1.852631	58.778000	51.370000	
0.071032	1.437895	1.729049	58.852000	52.890000	
0.070313	1.427927	1.684283	59.058000	54.980000	
0.069589	1.411868	1.689683	59.456000	54.740000	
0.068861	1.406107	1.673176	59.692000	55.040000	
0.068127	1.396522	1.627745	60.180000	55.720000	
0.067389	1.379895	1.675838	60.476000	54.850000	
0.066647	1.364671	1.764099	60.634000	52.880000	
0.065901	1.350420	1.634780	61.186000	56.320000	
0.065151	1.335648	1.606654	61.480000	56.010000	
0.064397	1.342718	1.768173	61.214000	53.340000	
0.063639	1.330489	1.612692	61.694000	56.140000	
0.062878	1.305392	1.563909	62.146000	57.610000	
0.062113	1.290478	1.572468	62.334000	57.090000	
0.061346	1.288872	1.592659	62.472000	56.800000	
0.060576	1.285569	1.563373	62.790000	57.410000	
0.059803	1.265156	1.598963	63.014000	56.950000	
0.059028	1.258100	1.636127	63.430000	56.440000	
0.058251	1.233937	1.577621	64.188000	57.410000	
0.057471	1.235512	1.548754	63.932000	57.770000	
0.056690	1.226044	1.527298	64.194000	58.460000	
0.055907	1.216406	1.550274	64.722000	58.130000	
0.055122	1.201086	1.610223	65.112000	57.640000	
0.054336	1.190076	1.507599	65.182000	59.270000	
0.053550	1.185803	1.507331	64.766000	58.590000	
0.052762	1.172874	1.505467	65.552000	58.210000	
0.051973	1.165841	1.478298	65.810000	58.870000	
0.051184	1.149533	1.497896	66.178000	60.390000	
0.050395	1.138607	1.465703	66.498000	60.370000	
0.049606	1.131773	1.487636	66.634000	59.160000	
0.048817	1.118886	1.450196	66.988000	60.600000	
0.048028	1.099613	1.468851	67.552000	60.670000	
0.047239	1.101379	1.510060	67.298000	59.480000	
0.046451	1.089843	1.480725	67.754000	60.020000	
0.045665	1.086757	1.521302	67.642000	58.880000	
0.044879	1.073686	1.468266	68.098000	60.030000	
0.044094	1.059803	1.448934	68.522000	60.490000	
0.043311	1.052517	1.485630	68.656000	60.190000	
0.042530	1.037736	1.411374	69.046000	61.650000	
0.041750	1.024770	1.518209	69.358000	59.370000	
0.040973	1.020015	1.396825	69.490000	62.110000	
0.040198	1.016839	1.448616	69.874000	61.160000	
0.039425	0.993839	1.437991	70.208000	61.830000	
0.038655	0.989486	1.467206	70.322000	60.750000	
0.037888	0.982308	1.480338	70.522000	60.900000	
0.037123	0.968101	1.479664	71.114000	61.180000	
0.036362	0.959319	1.467664	71.226000	60.660000	
0.035604	0.958668	1.433718	71.334000	62.090000	
0.034850	0.953447	1.457046	71.294000	61.850000	
0.034100	0.938616	1.435127	71.550000	62.110000	
0.033354	0.927202	1.411435	71.786000	61.880000	
0.032612	0.917534	1.405363	72.370000	62.530000	
0.031874	0.906360	1.447262	72.568000	62.700000	
0.031140	0.906367	1.400797	72.762000	62.280000	
0.030412	0.896061	1.487475	72.882000	61.150000	
0.029688	0.885607	1.428305	73.078000	61.980000	
0.028969	0.868391	1.483973	73.494000	61.130000	
0.028256	0.872310	1.387901	73.540000	62.860000	
0.027548	0.857483	1.353326	73.938000	63.480000	
0.026845	0.849955	1.466944	74.286000	62.080000	
0.026149	0.840135	1.431015	74.342000	63.000000	
0.025458	0.834307	1.480368	74.578000	61.530000	
0.024773	0.820894	1.474197	75.222000	62.000000	
0.024095	0.818343	1.402496	74.788000	62.990000	
0.023423	0.806750	1.417778	75.304000	63.260000	
0.022758	0.795660	1.433417	75.686000	63.040000	
0.022099	0.792194	1.439877	75.704000	63.180000	
0.021448	0.786758	1.453348	75.966000	62.910000	
0.020803	0.770632	1.499295	76.380000	62.110000	
0.020166	0.769795	1.392790	76.386000	63.420000	
0.019537	0.759643	1.429586	76.672000	62.840000	
0.018915	0.751323	1.450730	76.784000	63.480000	
0.018300	0.748310	1.388036	76.814000	64.530000	
0.017694	0.733899	1.430008	77.202000	63.190000	
0.017095	0.724828	1.379451	77.758000	64.300000	
0.016505	0.713471	1.446647	77.802000	63.270000	
0.015923	0.711127	1.501661	77.836000	62.290000	
0.015350	0.708332	1.466792	77.900000	63.420000	
0.014785	0.695957	1.457190	78.448000	63.470000	
0.014229	0.678427	1.461080	78.750000	63.760000	
0.013682	0.677267	1.402118	78.916000	64.400000	
0.013144	0.664356	1.408889	79.270000	64.330000	
0.012616	0.661705	1.491642	79.422000	64.240000	
0.012096	0.646904	1.491259	79.628000	64.160000	
0.011586	0.643187	1.477686	79.974000	63.610000	
0.011086	0.634295	1.482391	80.198000	64.300000	
0.010595	0.624866	1.526617	80.564000	64.440000	
0.010114	0.622400	1.549858	80.570000	63.830000	
0.009643	0.613774	1.445156	80.750000	64.980000	
0.009182	0.603241	1.466107	81.104000	63.890000	
0.008731	0.597144	1.470929	81.270000	64.100000	
0.008291	0.585585	1.480300	81.468000	64.190000	
0.007861	0.577901	1.458331	81.886000	64.270000	
0.007441	0.570866	1.456819	82.126000	64.740000	
0.007032	0.566406	1.492830	82.130000	64.710000	
0.006634	0.555572	1.504746	82.470000	64.650000	
0.006247	0.554628	1.502798	82.420000	64.660000	
0.005870	0.543370	1.536597	82.870000	64.830000	
0.005504	0.537174	1.476954	82.992000	64.750000	
0.005150	0.528049	1.541342	83.410000	64.880000	
0.004807	0.521669	1.538058	83.448000	64.840000	
0.004475	0.518659	1.533617	83.664000	64.810000	
0.004154	0.511837	1.526684	83.818000	64.520000	
0.003845	0.500057	1.562840	84.190000	64.630000	
0.003547	0.499378	1.508206	84.068000	64.890000	
0.003261	0.491565	1.536572	84.364000	64.520000	
0.002986	0.483099	1.559953	84.790000	64.810000	
0.002724	0.475426	1.579261	84.980000	64.970000	
0.002473	0.475427	1.551831	84.846000	64.530000	
0.002233	0.469632	1.564114	85.252000	64.860000	
0.002006	0.463392	1.565936	85.352000	64.970000	
0.001791	0.459308	1.612600	85.484000	64.430000	
0.001588	0.456245	1.656332	85.588000	64.680000	
0.001396	0.452511	1.570929	85.748000	64.720000	
0.001217	0.445389	1.595734	85.956000	65.100000	
0.001050	0.445745	1.562366	85.784000	64.690000	
0.000896	0.441602	1.549294	86.158000	65.140000	
0.000753	0.433267	1.607855	86.148000	65.170000	
0.000623	0.435152	1.653306	86.238000	64.500000	
0.000505	0.434641	1.566159	86.366000	64.730000	
0.000399	0.431989	1.637896	86.466000	64.730000	
0.000306	0.425081	1.625362	86.604000	65.160000	
0.000225	0.428415	1.613591	86.426000	65.110000	
0.000157	0.423884	1.647419	86.602000	64.930000	
0.000101	0.423543	1.591029	86.782000	65.190000	
0.000057	0.423141	1.574645	86.734000	65.320000	
0.000026	0.424777	1.581679	86.624000	65.180000	
0.000007	0.424679	1.601358	86.580000	64.930000	
