Learning Rate	Train Loss	Valid Loss	Train Acc.	Valid Acc.	
0.000001	4.608021	4.608039	1.186000	1.140000	
0.050000	4.606890	4.604705	1.078000	1.530000	
0.099994	4.589102	4.439317	1.416000	2.330000	
0.099975	4.262935	4.099707	4.104000	5.850000	
0.099944	3.925801	3.792581	8.268000	10.900000	
0.099900	3.669941	3.567648	12.376000	13.570000	
0.099844	3.439188	3.332858	16.414000	18.990000	
0.099776	3.159690	2.986476	21.690000	25.130000	
0.099695	2.908874	2.935148	26.220000	26.460000	
0.099602	2.683617	2.726140	30.566000	31.380000	
0.099496	2.514084	2.471051	34.076000	35.120000	
0.099378	2.402771	2.495599	36.390000	35.450000	
0.099248	2.316721	2.329038	38.464000	38.430000	
0.099105	2.261618	2.415995	39.242000	36.890000	
0.098951	2.219847	2.340238	40.382000	38.020000	
0.098784	2.179675	2.459816	41.372000	36.990000	
0.098605	2.156075	2.310058	41.840000	39.690000	
0.098413	2.161104	2.515640	41.976000	35.450000	
0.098210	2.133674	2.214507	42.458000	42.100000	
0.097995	2.117635	2.157629	43.168000	41.730000	
0.097768	2.087153	2.386093	43.826000	38.390000	
0.097528	2.099763	2.295882	43.316000	42.310000	
0.097277	2.075134	2.208867	44.042000	42.020000	
0.097015	2.066410	2.347704	44.234000	39.480000	
0.096740	2.060175	2.109199	44.234000	44.750000	
0.096454	2.026969	2.228447	45.166000	41.870000	
0.096156	2.035709	2.254579	44.866000	41.690000	
0.095847	2.000780	2.307293	45.752000	39.980000	
0.095526	2.026189	2.112776	45.294000	44.220000	
0.095194	1.965263	2.191906	46.446000	43.710000	
0.094851	1.987514	2.124614	45.978000	44.180000	
0.094497	1.964088	2.178724	46.988000	44.150000	
0.094131	1.953555	2.244114	46.820000	41.470000	
0.093754	1.952477	2.045060	46.694000	44.270000	
0.093367	1.928326	2.084054	47.424000	44.720000	
0.092969	1.933149	2.016793	47.326000	46.650000	
0.092560	1.917161	2.126358	48.048000	44.330000	
0.092140	1.927167	2.069046	47.530000	46.790000	
0.091710	1.909682	2.086793	48.046000	45.400000	
0.091270	1.904898	2.004360	47.884000	47.570000	
0.090819	1.905965	2.072386	47.786000	45.990000	
0.090358	1.896836	2.053245	47.982000	45.610000	
0.089887	1.860115	2.162490	49.342000	45.530000	
0.089406	1.876294	2.045936	48.458000	46.740000	
0.088915	1.881078	2.000359	48.354000	45.750000	
0.088415	1.858007	2.163521	49.210000	45.690000	
0.087905	1.864508	2.028917	48.878000	45.970000	
0.087385	1.843717	2.071071	49.414000	45.740000	
0.086857	1.829812	1.895302	50.024000	48.580000	
0.086319	1.827613	2.002965	49.770000	46.220000	
0.085772	1.828958	1.955592	49.628000	47.450000	
0.085216	1.808255	2.153526	49.980000	45.640000	
0.084651	1.811688	1.982906	50.170000	47.510000	
0.084078	1.803730	2.024067	50.572000	47.710000	
0.083496	1.794452	1.921410	50.410000	48.320000	
0.082906	1.799884	1.891417	50.494000	49.390000	
0.082307	1.794624	1.944503	50.410000	47.860000	
0.081701	1.767078	2.047857	51.242000	46.090000	
0.081086	1.755482	2.052370	51.672000	47.190000	
0.080464	1.763607	1.897094	51.326000	49.790000	
0.079835	1.762114	1.966771	51.490000	47.760000	
0.079198	1.751251	1.962483	51.514000	48.560000	
0.078553	1.745191	1.914372	51.756000	49.290000	
0.077902	1.731178	1.894902	52.070000	49.040000	
0.077243	1.737028	1.978631	51.672000	49.280000	
0.076578	1.719673	2.030636	52.248000	47.050000	
0.075906	1.719233	1.926519	52.602000	48.950000	
0.075228	1.713841	1.947074	52.490000	48.680000	
0.074543	1.695063	1.916983	52.854000	49.750000	
0.073852	1.696202	1.862595	52.678000	50.270000	
0.073156	1.693220	1.870010	53.246000	50.150000	
0.072453	1.681395	1.860321	53.224000	50.410000	
0.071745	1.662194	1.928408	53.688000	49.420000	
0.071032	1.669931	2.287387	53.452000	43.720000	
0.070313	1.679661	1.910472	53.308000	49.450000	
0.069589	1.641152	1.901774	54.088000	49.600000	
0.068861	1.634856	1.821023	54.542000	50.570000	
0.068127	1.639944	1.745929	54.166000	52.620000	
0.067389	1.621583	1.895706	54.522000	49.010000	
0.066647	1.626200	1.759134	54.690000	52.260000	
0.065901	1.614002	1.794987	54.796000	51.480000	
0.065151	1.596184	1.971654	55.098000	51.140000	
0.064397	1.601408	1.816797	55.172000	51.820000	
0.063639	1.581192	1.869732	55.600000	49.770000	
0.062878	1.572380	1.818571	55.716000	50.980000	
0.062113	1.577944	1.784271	55.718000	51.380000	
0.061346	1.566094	1.850816	55.728000	50.820000	
0.060576	1.572090	1.801049	55.760000	51.230000	
0.059803	1.548434	1.730998	56.210000	52.790000	
0.059028	1.532545	1.750295	56.804000	53.400000	
0.058251	1.537013	1.719692	56.512000	53.390000	
0.057471	1.527598	1.819893	56.944000	52.180000	
0.056690	1.516012	1.743406	57.242000	52.910000	
0.055907	1.509842	1.669826	57.550000	54.160000	
0.055122	1.486820	1.798219	57.752000	53.010000	
0.054336	1.474199	1.768870	58.308000	52.550000	
0.053550	1.470486	1.705296	58.266000	53.730000	
0.052762	1.465415	1.740524	58.246000	53.640000	
0.051973	1.461133	1.735720	58.480000	53.130000	
0.051184	1.450618	1.636430	58.686000	55.120000	
0.050395	1.441873	1.641151	58.950000	55.750000	
0.049606	1.428758	1.739558	59.254000	53.080000	
0.048817	1.415179	1.697387	59.660000	54.200000	
0.048028	1.403586	1.626520	59.860000	55.750000	
0.047239	1.394118	1.667305	60.206000	54.960000	
0.046451	1.384887	1.703931	60.146000	54.830000	
0.045665	1.390165	1.634397	60.278000	55.760000	
0.044879	1.368788	1.616330	60.740000	56.010000	
0.044094	1.366241	1.599747	60.768000	56.850000	
0.043311	1.357020	1.688407	61.062000	55.640000	
0.042530	1.343008	1.645429	61.502000	56.080000	
0.041750	1.330748	1.635180	61.750000	56.080000	
0.040973	1.317773	1.621939	62.094000	57.270000	
0.040198	1.307337	1.610898	62.290000	57.290000	
0.039425	1.300070	1.599072	62.420000	57.860000	
0.038655	1.282429	1.602801	62.860000	56.040000	
0.037888	1.279114	1.640805	63.056000	56.370000	
0.037123	1.273684	1.564288	63.098000	58.610000	
0.036362	1.257140	1.572130	63.602000	57.210000	
0.035604	1.256662	1.542963	63.436000	58.330000	
0.034850	1.237574	1.527943	64.248000	58.140000	
0.034100	1.232356	1.577484	64.236000	58.750000	
0.033354	1.217490	1.587146	64.540000	57.130000	
0.032612	1.207569	1.547244	64.706000	58.460000	
0.031874	1.206438	1.474289	64.632000	59.500000	
0.031140	1.181657	1.502838	65.426000	60.030000	
0.030412	1.169229	1.531902	65.564000	59.150000	
0.029688	1.174682	1.529490	65.544000	59.590000	
0.028969	1.140390	1.490029	66.518000	59.970000	
0.028256	1.139776	1.478815	66.606000	59.860000	
0.027548	1.121223	1.508353	66.742000	59.660000	
0.026845	1.117614	1.493041	67.106000	60.410000	
0.026149	1.099821	1.470806	67.436000	60.780000	
0.025458	1.099591	1.487149	67.690000	61.090000	
0.024773	1.085627	1.542588	68.010000	59.460000	
0.024095	1.076673	1.428724	67.982000	61.030000	
0.023423	1.053340	1.482243	68.838000	60.820000	
0.022758	1.050239	1.448174	68.814000	60.350000	
0.022099	1.025198	1.513496	69.486000	60.910000	
0.021448	1.011058	1.443255	70.022000	60.550000	
0.020803	1.017221	1.446290	69.744000	60.930000	
0.020166	0.993143	1.526879	70.500000	61.050000	
0.019537	0.979968	1.423188	70.768000	61.820000	
0.018915	0.968928	1.430137	70.820000	62.010000	
0.018300	0.950857	1.430741	71.302000	61.820000	
0.017694	0.937053	1.454138	71.704000	61.610000	
0.017095	0.939279	1.392224	71.522000	63.360000	
0.016505	0.921705	1.434048	72.138000	62.820000	
0.015923	0.908054	1.462179	72.408000	61.890000	
0.015350	0.897340	1.439094	72.530000	62.830000	
0.014785	0.869496	1.476967	73.552000	62.670000	
0.014229	0.867340	1.408897	73.766000	63.890000	
0.013682	0.852614	1.409047	74.076000	63.010000	
0.013144	0.841652	1.453776	74.398000	62.550000	
0.012616	0.818109	1.474662	75.208000	62.260000	
0.012096	0.807218	1.435884	75.196000	62.690000	
0.011586	0.793563	1.470195	75.586000	63.490000	
0.011086	0.784060	1.439104	75.778000	62.610000	
0.010595	0.769564	1.465934	76.290000	63.210000	
0.010114	0.751567	1.426024	76.710000	64.140000	
0.009643	0.734924	1.413763	77.298000	64.070000	
0.009182	0.712394	1.395068	77.814000	63.790000	
0.008731	0.699521	1.447563	78.282000	64.010000	
0.008291	0.696264	1.450720	78.286000	64.570000	
0.007861	0.680676	1.454161	78.676000	64.650000	
0.007441	0.662062	1.460704	79.110000	64.610000	
0.007032	0.648205	1.454585	79.604000	64.540000	
0.006634	0.631211	1.525686	80.082000	63.930000	
0.006247	0.617530	1.468778	80.574000	64.680000	
0.005870	0.603039	1.455997	81.068000	65.050000	
0.005504	0.586649	1.466409	81.398000	65.770000	
0.005150	0.580625	1.510917	81.720000	65.220000	
0.004807	0.558951	1.488536	82.204000	65.980000	
0.004475	0.549214	1.484786	82.614000	65.200000	
0.004154	0.536303	1.481863	82.760000	65.500000	
0.003845	0.521991	1.454348	83.290000	65.850000	
0.003547	0.502623	1.534724	83.920000	65.790000	
0.003261	0.490923	1.563054	84.286000	65.380000	
0.002986	0.476071	1.531607	84.706000	66.000000	
0.002724	0.468520	1.559458	84.930000	65.620000	
0.002473	0.451100	1.628404	85.428000	66.090000	
0.002233	0.444370	1.595028	85.610000	66.280000	
0.002006	0.436411	1.548365	85.956000	66.100000	
0.001791	0.421163	1.582321	86.486000	65.540000	
0.001588	0.416647	1.517517	86.530000	66.550000	
0.001396	0.401119	1.636798	86.916000	65.990000	
0.001217	0.392996	1.582008	87.332000	66.280000	
0.001050	0.386845	1.642487	87.384000	66.650000	
0.000896	0.377362	1.620158	87.790000	67.000000	
0.000753	0.370360	1.686009	88.042000	66.010000	
0.000623	0.358758	1.676540	88.298000	66.950000	
0.000505	0.357644	1.661175	88.336000	66.260000	
0.000399	0.355409	1.707427	88.574000	66.190000	
0.000306	0.346382	1.754358	88.710000	66.100000	
0.000225	0.345188	1.721621	88.830000	66.210000	
0.000157	0.340728	1.682901	88.866000	66.750000	
0.000101	0.338316	1.683783	88.992000	66.320000	
0.000057	0.338650	1.669347	89.098000	66.820000	
0.000026	0.336975	1.663515	89.120000	66.450000	
0.000007	0.337152	1.681513	89.008000	66.470000	
