Learning Rate	Train Loss	Valid Loss	Train Acc.	Valid Acc.	
0.000001	4.822808	4.756484	0.900000	0.990000	
0.050000	4.186992	3.918228	5.820000	9.940000	
0.099994	3.793916	4.441142	10.608000	9.710000	
0.099975	3.357623	3.723051	17.866000	15.460000	
0.099944	3.007687	3.363856	24.156000	20.180000	
0.099900	2.770405	3.258238	28.696000	23.460000	
0.099844	2.583665	2.912121	32.342000	28.220000	
0.099776	2.434957	3.554457	35.730000	23.870000	
0.099695	2.345822	3.196815	37.366000	26.090000	
0.099602	2.276438	2.832616	39.246000	32.010000	
0.099496	2.194712	3.235426	40.828000	27.320000	
0.099378	2.160304	3.016460	41.640000	29.560000	
0.099248	2.095962	3.019651	43.294000	31.780000	
0.099105	2.070840	2.488281	43.846000	37.010000	
0.098951	2.042544	3.262795	44.582000	26.970000	
0.098784	2.016583	3.002405	45.110000	29.690000	
0.098605	1.991194	3.447911	45.670000	24.070000	
0.098413	1.956314	2.749025	46.412000	34.610000	
0.098210	1.946452	2.814114	46.736000	34.480000	
0.097995	1.894227	3.262583	48.046000	30.290000	
0.097768	1.867894	2.872841	48.476000	34.800000	
0.097528	1.865747	2.176235	48.756000	43.110000	
0.097277	1.851385	2.371529	49.038000	40.820000	
0.097015	1.834376	2.895619	49.514000	33.000000	
0.096740	1.815840	2.267568	49.814000	41.180000	
0.096454	1.807891	2.444079	49.892000	40.460000	
0.096156	1.785242	3.046815	50.424000	32.640000	
0.095847	1.780783	2.667722	50.538000	37.790000	
0.095526	1.776464	3.200911	50.788000	28.410000	
0.095194	1.773392	2.765114	50.952000	34.540000	
0.094851	1.739590	2.178957	51.538000	44.260000	
0.094497	1.739727	2.318830	51.726000	41.410000	
0.094131	1.700412	3.023034	52.476000	34.200000	
0.093754	1.742140	2.684825	51.490000	38.720000	
0.093367	1.703194	2.443652	52.294000	39.300000	
0.092969	1.702107	2.424249	52.452000	40.010000	
0.092560	1.673285	2.498480	53.012000	39.230000	
0.092140	1.665660	2.390479	53.324000	42.380000	
0.091710	1.671002	2.484003	53.310000	40.290000	
0.091270	1.666006	2.992552	53.254000	33.610000	
0.090819	1.648907	2.462851	53.912000	41.200000	
0.090358	1.656615	2.489897	53.582000	40.110000	
0.089887	1.637301	2.405200	54.078000	41.890000	
0.089406	1.625603	2.158452	54.268000	44.340000	
0.088915	1.613684	2.501784	54.616000	38.810000	
0.088415	1.605721	2.334515	54.972000	42.660000	
0.087905	1.604532	2.369462	54.850000	40.830000	
0.087385	1.592839	2.148257	55.070000	44.940000	
0.086857	1.591192	2.291204	55.138000	42.390000	
0.086319	1.576970	2.181122	55.272000	45.250000	
0.085772	1.560856	2.603495	55.948000	39.250000	
0.085216	1.562617	2.131385	56.002000	47.520000	
0.084651	1.540919	2.313673	56.190000	43.860000	
0.084078	1.556590	2.457296	55.896000	39.880000	
0.083496	1.544382	2.611188	56.262000	38.700000	
0.082906	1.526947	2.257631	56.700000	44.740000	
0.082307	1.523752	2.503560	56.784000	40.810000	
0.081701	1.521004	2.381055	56.654000	40.960000	
0.081086	1.504649	2.306251	57.314000	43.820000	
0.080464	1.503769	2.447734	57.226000	42.290000	
0.079835	1.503960	2.670618	57.384000	39.100000	
0.079198	1.488824	2.227263	57.736000	45.550000	
0.078553	1.467630	2.102049	58.216000	47.710000	
0.077902	1.460684	2.307047	58.372000	45.280000	
0.077243	1.451999	2.254365	58.578000	46.850000	
0.076578	1.455179	2.271009	58.404000	45.600000	
0.075906	1.442553	2.195733	58.936000	47.070000	
0.075228	1.437091	2.276621	58.760000	44.900000	
0.074543	1.409430	2.226388	59.568000	46.130000	
0.073852	1.418420	2.440215	59.404000	41.820000	
0.073156	1.404693	1.859374	59.860000	50.930000	
0.072453	1.393926	2.341617	60.078000	44.660000	
0.071745	1.399367	2.259204	59.924000	44.170000	
0.071032	1.369955	2.144840	60.506000	47.100000	
0.070313	1.379198	1.986186	60.352000	50.390000	
0.069589	1.350549	1.959131	61.330000	49.800000	
0.068861	1.357659	2.082297	61.152000	48.880000	
0.068127	1.338422	2.321200	61.478000	45.610000	
0.067389	1.338924	2.048414	61.368000	46.890000	
0.066647	1.309667	2.165712	62.270000	47.220000	
0.065901	1.315315	1.962271	61.928000	50.910000	
0.065151	1.297333	2.181917	62.530000	47.670000	
0.064397	1.284028	1.892594	62.668000	50.030000	
0.063639	1.280068	1.810146	62.850000	52.480000	
0.062878	1.275449	2.269141	62.808000	46.190000	
0.062113	1.260642	1.898363	63.152000	51.380000	
0.061346	1.250915	1.788427	63.556000	53.640000	
0.060576	1.247227	1.883357	63.818000	53.100000	
0.059803	1.232257	1.758884	64.030000	55.030000	
0.059028	1.225209	1.851624	64.356000	52.940000	
0.058251	1.220295	1.755582	64.458000	54.150000	
0.057471	1.213555	1.836235	64.298000	52.710000	
0.056690	1.198574	1.798458	64.866000	54.100000	
0.055907	1.193009	1.865739	65.010000	52.070000	
0.055122	1.171314	1.713366	65.554000	55.420000	
0.054336	1.162996	1.689477	65.730000	56.310000	
0.053550	1.156919	1.750714	66.288000	54.180000	
0.052762	1.150045	1.864172	65.902000	53.560000	
0.051973	1.148899	1.697465	66.276000	55.470000	
0.051184	1.135977	1.892111	66.558000	52.790000	
0.050395	1.121181	1.836622	66.884000	53.970000	
0.049606	1.110776	1.716589	67.334000	56.100000	
0.048817	1.103321	1.760179	67.134000	54.650000	
0.048028	1.091203	1.740390	67.686000	55.400000	
0.047239	1.078022	1.781473	67.990000	54.900000	
0.046451	1.068698	1.852103	68.334000	53.840000	
0.045665	1.057154	1.721672	68.660000	56.570000	
0.044879	1.048657	1.665980	68.746000	56.770000	
0.044094	1.040161	1.673271	68.970000	56.590000	
0.043311	1.036303	1.748178	69.020000	55.900000	
0.042530	1.018277	1.642788	69.610000	57.570000	
0.041750	1.012450	1.658413	69.836000	57.390000	
0.040973	1.006023	1.580928	69.976000	58.960000	
0.040198	0.999673	1.610997	69.972000	57.650000	
0.039425	0.984717	1.624477	70.268000	58.950000	
0.038655	0.977245	1.600995	70.580000	59.160000	
0.037888	0.968521	1.720934	70.956000	57.360000	
0.037123	0.967926	1.926057	70.814000	53.750000	
0.036362	0.947188	1.582090	71.582000	59.460000	
0.035604	0.939004	1.567993	71.550000	59.620000	
0.034850	0.936218	1.601956	71.662000	59.400000	
0.034100	0.929844	1.669126	71.856000	58.840000	
0.033354	0.920135	1.567077	72.144000	59.840000	
0.032612	0.898168	1.689151	72.686000	58.560000	
0.031874	0.898571	1.714376	72.754000	57.560000	
0.031140	0.890395	1.520311	72.900000	60.130000	
0.030412	0.885019	1.556550	73.150000	60.060000	
0.029688	0.870252	1.553142	73.578000	59.860000	
0.028969	0.869316	1.576335	73.506000	60.800000	
0.028256	0.853867	1.515639	73.746000	60.950000	
0.027548	0.848875	1.543735	73.938000	60.760000	
0.026845	0.842672	1.559561	74.128000	61.300000	
0.026149	0.837718	1.521064	74.282000	60.640000	
0.025458	0.824490	1.569376	74.660000	61.110000	
0.024773	0.812403	1.610094	75.232000	60.180000	
0.024095	0.803250	1.541326	75.272000	61.260000	
0.023423	0.795726	1.614442	75.418000	60.140000	
0.022758	0.788758	1.494649	76.022000	61.320000	
0.022099	0.784093	1.575488	76.018000	61.560000	
0.021448	0.770890	1.507578	76.218000	62.450000	
0.020803	0.770412	1.503256	76.312000	62.570000	
0.020166	0.757840	1.537062	76.510000	61.970000	
0.019537	0.749306	1.472114	76.992000	62.870000	
0.018915	0.741022	1.459625	77.050000	63.590000	
0.018300	0.737839	1.552289	77.108000	61.350000	
0.017694	0.725444	1.515416	77.504000	62.440000	
0.017095	0.712941	1.520579	77.836000	62.530000	
0.016505	0.708848	1.518296	77.948000	62.560000	
0.015923	0.698648	1.573149	78.324000	62.740000	
0.015350	0.694636	1.564527	78.108000	62.050000	
0.014785	0.679877	1.482531	78.892000	63.570000	
0.014229	0.672038	1.549429	78.980000	63.100000	
0.013682	0.669229	1.516504	79.252000	63.330000	
0.013144	0.659044	1.529828	79.194000	63.430000	
0.012616	0.651543	1.514909	79.512000	63.610000	
0.012096	0.645338	1.475835	79.824000	63.990000	
0.011586	0.632600	1.594484	80.088000	62.700000	
0.011086	0.624521	1.470700	80.396000	64.330000	
0.010595	0.618638	1.484239	80.522000	64.870000	
0.010114	0.613126	1.474189	80.574000	64.420000	
0.009643	0.606611	1.500927	80.966000	64.090000	
0.009182	0.597780	1.503376	81.250000	64.810000	
0.008731	0.581799	1.524625	81.676000	64.610000	
0.008291	0.578241	1.521272	81.698000	64.400000	
0.007861	0.567670	1.517734	81.974000	64.870000	
0.007441	0.557297	1.512966	82.230000	64.860000	
0.007032	0.553624	1.544220	82.310000	64.680000	
0.006634	0.547110	1.498861	82.536000	65.060000	
0.006247	0.543202	1.547084	82.744000	64.980000	
0.005870	0.536783	1.503892	82.864000	65.260000	
0.005504	0.529746	1.506557	83.232000	65.120000	
0.005150	0.519218	1.536392	83.474000	65.320000	
0.004807	0.510999	1.501044	83.572000	65.630000	
0.004475	0.506638	1.572127	83.916000	64.820000	
0.004154	0.506762	1.538430	83.898000	65.820000	
0.003845	0.492272	1.542237	84.400000	66.110000	
0.003547	0.488971	1.541732	84.426000	65.610000	
0.003261	0.481807	1.561688	84.510000	65.840000	
0.002986	0.476983	1.540036	84.930000	65.820000	
0.002724	0.471645	1.532179	85.048000	66.080000	
0.002473	0.461412	1.557735	85.390000	66.220000	
0.002233	0.460607	1.541117	85.276000	66.100000	
0.002006	0.455062	1.561919	85.426000	65.950000	
0.001791	0.447925	1.549988	85.686000	66.320000	
0.001588	0.448483	1.550076	85.734000	66.300000	
0.001396	0.441733	1.564340	85.900000	66.100000	
0.001217	0.434968	1.560047	86.122000	66.000000	
0.001050	0.436583	1.560712	85.988000	66.060000	
0.000896	0.436955	1.547627	86.220000	66.210000	
0.000753	0.430361	1.575961	86.192000	66.440000	
0.000623	0.425404	1.565491	86.348000	66.410000	
0.000505	0.423687	1.568581	86.588000	66.330000	
0.000399	0.419558	1.566055	86.696000	66.440000	
0.000306	0.420141	1.571328	86.810000	66.370000	
0.000225	0.419594	1.570549	86.524000	66.390000	
0.000157	0.419036	1.577745	86.586000	66.350000	
0.000101	0.415696	1.567228	86.868000	66.420000	
0.000057	0.415048	1.576271	86.890000	66.240000	
0.000026	0.413897	1.572086	86.936000	66.260000	
0.000007	0.415225	1.581854	86.860000	66.370000	
