Learning Rate	Train Loss	Valid Loss	Train Acc.	Valid Acc.	
0.000001	4.608157	4.608389	0.972000	0.890000	
0.050000	4.605935	4.601275	1.038000	1.150000	
0.099994	4.538168	4.420467	1.954000	3.240000	
0.099975	4.256374	4.078625	4.574000	6.140000	
0.099944	3.949163	3.846404	8.230000	9.780000	
0.099900	3.724152	3.621411	11.676000	13.590000	
0.099844	3.536252	3.426399	15.216000	17.350000	
0.099776	3.348731	3.285924	18.456000	20.780000	
0.099695	3.199449	3.204894	21.396000	21.380000	
0.099602	3.033733	3.028395	24.434000	24.430000	
0.099496	2.888736	2.841633	26.938000	28.050000	
0.099378	2.744555	2.707171	30.034000	31.130000	
0.099248	2.607454	2.596046	32.550000	33.440000	
0.099105	2.501307	2.495933	34.928000	35.170000	
0.098951	2.390977	2.423992	36.894000	37.540000	
0.098784	2.293953	2.344267	38.992000	38.140000	
0.098605	2.211233	2.292115	41.000000	39.680000	
0.098413	2.133595	2.252994	42.682000	40.750000	
0.098210	2.073644	2.168276	43.798000	42.360000	
0.097995	2.000459	2.142494	45.602000	43.370000	
0.097768	1.954759	2.112948	46.648000	44.200000	
0.097528	1.909744	2.051020	47.602000	44.960000	
0.097277	1.864943	2.063248	48.668000	46.260000	
0.097015	1.819237	1.984330	49.736000	46.660000	
0.096740	1.795779	1.996572	50.136000	46.690000	
0.096454	1.762725	1.965815	50.894000	47.880000	
0.096156	1.735942	2.068396	51.442000	45.800000	
0.095847	1.705075	1.887704	52.044000	49.260000	
0.095526	1.680809	1.876598	52.946000	48.860000	
0.095194	1.661815	1.838821	53.394000	49.740000	
0.094851	1.641238	1.823074	53.776000	50.890000	
0.094497	1.618759	1.920459	54.134000	48.830000	
0.094131	1.615605	1.980074	54.476000	47.760000	
0.093754	1.583702	1.843935	55.352000	50.250000	
0.093367	1.572220	1.785802	55.388000	51.290000	
0.092969	1.561534	1.834318	55.850000	50.520000	
0.092560	1.541594	1.834191	56.418000	51.490000	
0.092140	1.523097	1.710898	56.612000	53.510000	
0.091710	1.516220	1.774335	56.790000	51.690000	
0.091270	1.497440	1.854292	57.436000	51.290000	
0.090819	1.484086	1.780503	57.808000	52.830000	
0.090358	1.481391	1.719136	57.856000	52.420000	
0.089887	1.470870	1.770440	58.156000	52.370000	
0.089406	1.453456	1.777183	58.476000	53.500000	
0.088915	1.443083	1.712654	58.724000	53.830000	
0.088415	1.445375	1.735153	58.562000	52.570000	
0.087905	1.422041	1.759619	59.350000	54.220000	
0.087385	1.418095	1.723774	59.236000	53.730000	
0.086857	1.412253	1.713556	59.518000	53.310000	
0.086319	1.402883	1.653692	59.562000	54.540000	
0.085772	1.395647	1.647961	60.078000	55.860000	
0.085216	1.378333	1.702520	60.272000	54.920000	
0.084651	1.378791	1.671790	60.112000	55.400000	
0.084078	1.368413	1.634246	60.502000	55.460000	
0.083496	1.362663	1.696766	60.810000	55.570000	
0.082906	1.345173	1.696771	61.170000	55.250000	
0.082307	1.351645	1.634957	61.016000	55.970000	
0.081701	1.333537	1.661829	61.566000	55.130000	
0.081086	1.327156	1.699864	61.530000	54.930000	
0.080464	1.320761	1.643281	61.708000	55.400000	
0.079835	1.304253	1.637705	62.316000	57.090000	
0.079198	1.300105	1.755388	62.220000	53.610000	
0.078553	1.299904	1.728329	62.618000	54.040000	
0.077902	1.292992	1.718136	62.388000	55.810000	
0.077243	1.290392	1.711330	62.590000	55.410000	
0.076578	1.281358	1.568213	62.738000	56.860000	
0.075906	1.278503	1.647140	62.742000	56.530000	
0.075228	1.271862	1.594446	63.200000	56.090000	
0.074543	1.266783	1.591324	63.132000	56.690000	
0.073852	1.262069	1.604285	63.428000	57.220000	
0.073156	1.248973	1.656527	63.738000	56.120000	
0.072453	1.231019	1.642305	64.166000	56.320000	
0.071745	1.229772	1.552665	64.154000	57.620000	
0.071032	1.231351	1.619149	64.084000	56.160000	
0.070313	1.222461	1.612644	64.228000	56.680000	
0.069589	1.219390	1.595307	64.550000	57.810000	
0.068861	1.208563	1.529083	64.744000	58.490000	
0.068127	1.198800	1.573094	64.884000	56.890000	
0.067389	1.200350	1.688350	64.836000	55.840000	
0.066647	1.195653	1.525777	64.990000	58.210000	
0.065901	1.177353	1.608560	65.370000	58.000000	
0.065151	1.180194	1.747129	65.278000	54.360000	
0.064397	1.171702	1.568931	65.372000	57.320000	
0.063639	1.160381	1.646276	65.944000	57.210000	
0.062878	1.168228	1.507003	65.560000	60.270000	
0.062113	1.154462	1.549087	66.068000	58.720000	
0.061346	1.138272	1.555961	66.362000	59.080000	
0.060576	1.132919	1.576073	66.606000	58.950000	
0.059803	1.130316	1.539987	66.772000	59.460000	
0.059028	1.124171	1.537102	66.862000	59.330000	
0.058251	1.120958	1.514120	66.866000	58.980000	
0.057471	1.112193	1.620118	67.038000	57.840000	
0.056690	1.109632	1.488696	66.984000	60.280000	
0.055907	1.103432	1.579370	67.344000	58.100000	
0.055122	1.100277	1.554496	67.422000	58.740000	
0.054336	1.090117	1.514366	67.638000	59.410000	
0.053550	1.076712	1.570279	68.002000	59.090000	
0.052762	1.071459	1.492601	68.038000	60.580000	
0.051973	1.062280	1.502845	68.492000	59.540000	
0.051184	1.061862	1.635923	68.314000	58.330000	
0.050395	1.048129	1.560290	68.766000	58.350000	
0.049606	1.052787	1.550094	68.546000	59.630000	
0.048817	1.039572	1.500359	69.096000	60.070000	
0.048028	1.027641	1.546393	69.172000	59.520000	
0.047239	1.031755	1.532411	69.030000	59.980000	
0.046451	1.021409	1.479876	69.424000	60.760000	
0.045665	1.014641	1.583668	69.680000	58.950000	
0.044879	1.009961	1.482440	69.920000	60.990000	
0.044094	0.996971	1.482341	70.210000	60.170000	
0.043311	0.989416	1.488509	70.324000	60.150000	
0.042530	0.987791	1.533700	70.410000	60.550000	
0.041750	0.978554	1.473965	70.724000	61.170000	
0.040973	0.969229	1.479664	70.898000	60.680000	
0.040198	0.970798	1.512298	70.704000	61.110000	
0.039425	0.954546	1.468129	71.260000	60.780000	
0.038655	0.954975	1.558752	71.250000	59.390000	
0.037888	0.943589	1.429865	71.750000	61.650000	
0.037123	0.932013	1.480833	71.820000	61.530000	
0.036362	0.933563	1.520615	71.792000	61.330000	
0.035604	0.915291	1.540554	72.488000	60.770000	
0.034850	0.911865	1.477159	72.666000	61.480000	
0.034100	0.903941	1.520575	72.500000	61.010000	
0.033354	0.895436	1.508732	72.824000	60.950000	
0.032612	0.897954	1.451228	72.736000	62.050000	
0.031874	0.884718	1.496669	73.350000	61.810000	
0.031140	0.872713	1.526619	73.436000	61.480000	
0.030412	0.864593	1.495288	73.760000	62.320000	
0.029688	0.860647	1.434736	73.912000	62.410000	
0.028969	0.849994	1.508954	73.942000	61.970000	
0.028256	0.850244	1.549576	73.866000	61.210000	
0.027548	0.838012	1.452138	74.618000	62.810000	
0.026845	0.836264	1.449142	74.486000	62.480000	
0.026149	0.822325	1.438141	74.698000	63.090000	
0.025458	0.818298	1.494063	75.050000	61.960000	
0.024773	0.815176	1.507816	75.136000	61.940000	
0.024095	0.804505	1.481682	75.076000	62.530000	
0.023423	0.793759	1.454031	75.734000	62.830000	
0.022758	0.787993	1.537919	75.698000	61.780000	
0.022099	0.774852	1.505016	76.218000	62.530000	
0.021448	0.773134	1.515934	76.158000	61.970000	
0.020803	0.760472	1.525148	76.454000	62.070000	
0.020166	0.754872	1.510588	76.656000	62.530000	
0.019537	0.752339	1.527428	76.832000	63.000000	
0.018915	0.735412	1.503456	77.314000	63.080000	
0.018300	0.732005	1.545495	77.362000	62.340000	
0.017694	0.723807	1.483254	77.582000	63.270000	
0.017095	0.717242	1.477468	77.866000	63.870000	
0.016505	0.706871	1.545977	78.042000	63.010000	
0.015923	0.700166	1.496454	78.378000	63.100000	
0.015350	0.690124	1.522816	78.420000	63.160000	
0.014785	0.678122	1.501359	79.026000	63.480000	
0.014229	0.674067	1.503549	78.828000	63.710000	
0.013682	0.670514	1.511657	79.164000	63.290000	
0.013144	0.658510	1.533883	79.598000	63.280000	
0.012616	0.655880	1.511520	79.488000	63.700000	
0.012096	0.642602	1.524488	79.748000	63.670000	
0.011586	0.635161	1.503421	80.080000	64.060000	
0.011086	0.629766	1.568140	80.346000	64.050000	
0.010595	0.624471	1.561614	80.502000	64.300000	
0.010114	0.617203	1.635738	80.530000	63.860000	
0.009643	0.604352	1.563130	81.040000	63.870000	
0.009182	0.599714	1.540508	81.214000	63.980000	
0.008731	0.594376	1.532659	81.360000	63.910000	
0.008291	0.588370	1.554994	81.502000	64.180000	
0.007861	0.577448	1.582120	81.762000	64.130000	
0.007441	0.574259	1.558164	82.038000	64.710000	
0.007032	0.562470	1.548462	82.394000	64.560000	
0.006634	0.557226	1.543549	82.424000	64.020000	
0.006247	0.545594	1.584350	82.800000	64.330000	
0.005870	0.542366	1.551371	82.840000	64.440000	
0.005504	0.539755	1.622472	83.056000	64.350000	
0.005150	0.528945	1.521044	83.388000	64.730000	
0.004807	0.527090	1.621659	83.448000	64.020000	
0.004475	0.519312	1.555669	83.674000	64.460000	
0.004154	0.511954	1.651052	83.894000	64.280000	
0.003845	0.506208	1.577804	84.020000	64.270000	
0.003547	0.500578	1.613411	84.112000	64.790000	
0.003261	0.493855	1.656506	84.474000	64.120000	
0.002986	0.492113	1.668282	84.430000	64.420000	
0.002724	0.489435	1.635525	84.638000	64.480000	
0.002473	0.482726	1.618461	84.738000	64.170000	
0.002233	0.472704	1.618035	85.038000	64.770000	
0.002006	0.467857	1.610753	85.242000	64.580000	
0.001791	0.468338	1.594649	85.362000	64.740000	
0.001588	0.459879	1.568653	85.520000	64.970000	
0.001396	0.462761	1.625698	85.450000	65.100000	
0.001217	0.459161	1.669124	85.520000	64.430000	
0.001050	0.453754	1.650094	85.726000	64.900000	
0.000896	0.450780	1.643643	85.686000	64.670000	
0.000753	0.448440	1.704313	85.956000	64.160000	
0.000623	0.444333	1.653183	86.160000	64.900000	
0.000505	0.441847	1.669242	86.112000	64.960000	
0.000399	0.438876	1.665538	86.110000	65.090000	
0.000306	0.438560	1.651923	86.214000	65.150000	
0.000225	0.437304	1.641549	86.106000	64.830000	
0.000157	0.436193	1.683448	86.426000	65.120000	
0.000101	0.438516	1.630176	86.270000	64.970000	
0.000057	0.435450	1.610731	86.416000	64.940000	
0.000026	0.432202	1.687555	86.502000	64.520000	
0.000007	0.436496	1.655016	86.234000	64.820000	
