Learning Rate	Train Loss	Valid Loss	Train Acc.	Valid Acc.	
0.000001	4.607573	4.607576	1.252000	1.190000	
0.050000	4.606216	4.603081	1.022000	1.560000	
0.099994	4.551881	4.480111	1.724000	3.200000	
0.099975	4.260004	4.074307	4.356000	6.520000	
0.099944	3.897310	3.787218	8.746000	10.790000	
0.099900	3.657910	3.533817	12.658000	15.420000	
0.099844	3.462854	3.431301	16.474000	18.140000	
0.099776	3.248039	3.219624	20.016000	21.920000	
0.099695	3.033175	2.949525	24.044000	26.420000	
0.099602	2.828098	2.818554	27.874000	28.860000	
0.099496	2.647287	2.704587	31.420000	32.390000	
0.099378	2.494168	2.551152	34.306000	34.360000	
0.099248	2.367903	2.433097	36.898000	36.010000	
0.099105	2.265034	2.374712	39.212000	38.240000	
0.098951	2.189144	2.330187	40.838000	39.730000	
0.098784	2.115873	2.237971	42.720000	40.960000	
0.098605	2.058670	2.309984	43.698000	40.360000	
0.098413	2.019080	2.264483	44.972000	41.450000	
0.098210	1.979844	2.202913	45.848000	41.760000	
0.097995	1.977694	2.106454	45.962000	45.400000	
0.097768	1.952831	2.131310	46.694000	45.410000	
0.097528	1.952379	2.169559	46.936000	42.530000	
0.097277	1.946951	2.161746	46.614000	44.350000	
0.097015	1.967915	2.155935	46.424000	42.780000	
0.096740	1.984282	2.217445	46.118000	41.160000	
0.096454	1.989217	2.094235	46.112000	43.020000	
0.096156	2.002474	2.168703	45.806000	42.830000	
0.095847	2.017603	2.394071	45.794000	39.540000	
0.095526	2.046050	2.494306	44.824000	37.560000	
0.095194	2.071773	2.418734	44.192000	38.700000	
0.094851	2.068374	2.324396	44.276000	40.600000	
0.094497	2.132478	2.264034	42.964000	40.690000	
0.094131	2.107000	2.281384	43.458000	40.960000	
0.093754	2.114874	2.233230	43.252000	42.580000	
0.093367	2.133406	2.274994	43.076000	41.750000	
0.092969	2.140207	2.417376	42.834000	38.820000	
0.092560	2.146022	2.201631	42.558000	42.370000	
0.092140	2.174357	2.436004	41.908000	38.620000	
0.091710	2.188084	2.520621	41.882000	36.200000	
0.091270	2.161568	2.393039	42.136000	39.150000	
0.090819	2.134412	2.213919	42.886000	41.370000	
0.090358	2.134980	2.489128	42.834000	36.990000	
0.089887	2.201277	2.334151	41.452000	41.030000	
0.089406	2.137402	2.748163	42.956000	36.380000	
0.088915	2.142638	2.257071	42.724000	41.770000	
0.088415	2.153906	2.409544	42.746000	39.700000	
0.087905	2.150115	2.336048	42.808000	39.900000	
0.087385	2.103007	2.228917	43.692000	41.970000	
0.086857	2.107895	2.348125	43.522000	40.350000	
0.086319	2.126320	2.249545	43.108000	42.450000	
0.085772	2.108848	2.205719	43.292000	42.790000	
0.085216	2.080372	2.260010	44.022000	42.630000	
0.084651	2.069642	2.199869	44.532000	43.470000	
0.084078	2.051149	2.191097	44.974000	41.960000	
0.083496	2.044200	2.224405	44.768000	42.890000	
0.082906	2.041199	2.495504	45.028000	39.590000	
0.082307	2.061915	2.501623	44.842000	37.660000	
0.081701	2.043100	2.110365	45.184000	44.790000	
0.081086	2.020028	2.279243	45.492000	42.010000	
0.080464	1.996913	2.072215	46.126000	44.370000	
0.079835	2.002935	2.188939	45.790000	43.650000	
0.079198	1.985280	2.153655	46.290000	43.480000	
0.078553	1.981729	2.151838	46.516000	45.650000	
0.077902	1.987894	2.057992	46.206000	46.000000	
0.077243	1.949651	2.130873	47.124000	44.960000	
0.076578	1.933074	2.053942	47.412000	45.410000	
0.075906	1.914854	1.955719	47.780000	47.440000	
0.075228	1.946793	2.079855	47.248000	44.050000	
0.074543	1.937725	2.088521	47.350000	46.300000	
0.073852	1.889181	1.996276	48.482000	47.300000	
0.073156	1.889376	1.988927	48.460000	48.230000	
0.072453	1.868590	2.173325	48.768000	44.860000	
0.071745	1.872220	1.994057	48.876000	47.820000	
0.071032	1.873944	1.992808	49.086000	46.720000	
0.070313	1.860739	2.036984	48.892000	47.670000	
0.069589	1.830931	2.003673	49.874000	46.480000	
0.068861	1.834940	2.102743	49.882000	45.570000	
0.068127	1.816085	1.902799	50.146000	48.760000	
0.067389	1.804661	1.988404	50.370000	47.520000	
0.066647	1.806723	1.889395	50.222000	48.890000	
0.065901	1.785959	1.916094	50.958000	49.300000	
0.065151	1.771701	2.021302	51.362000	47.030000	
0.064397	1.770126	1.887494	51.100000	48.880000	
0.063639	1.746009	1.886521	51.812000	49.330000	
0.062878	1.732523	1.941267	52.172000	49.590000	
0.062113	1.719880	1.931127	52.280000	48.610000	
0.061346	1.726650	1.863666	52.106000	49.660000	
0.060576	1.697031	1.866468	52.898000	49.660000	
0.059803	1.696761	1.854763	52.622000	50.740000	
0.059028	1.683387	2.000195	53.254000	48.940000	
0.058251	1.664025	1.843756	53.368000	51.460000	
0.057471	1.679516	1.851575	53.278000	51.160000	
0.056690	1.651632	1.828037	53.952000	51.690000	
0.055907	1.652266	1.770102	53.938000	51.710000	
0.055122	1.622695	2.018609	54.832000	46.700000	
0.054336	1.625937	1.830152	54.468000	51.160000	
0.053550	1.604901	1.816194	55.190000	51.520000	
0.052762	1.606856	1.769325	55.186000	52.020000	
0.051973	1.592175	1.842565	55.462000	51.800000	
0.051184	1.579130	1.786224	55.678000	51.230000	
0.050395	1.564668	1.771998	56.002000	52.550000	
0.049606	1.558462	1.816299	56.140000	51.850000	
0.048817	1.556378	1.671987	56.336000	54.580000	
0.048028	1.523078	1.675655	57.232000	54.570000	
0.047239	1.515822	1.680379	57.294000	54.740000	
0.046451	1.494738	1.793482	57.724000	52.420000	
0.045665	1.506262	1.729568	57.556000	53.680000	
0.044879	1.475470	1.757068	58.370000	52.980000	
0.044094	1.467944	1.704410	58.486000	54.270000	
0.043311	1.446728	1.713100	59.052000	54.060000	
0.042530	1.438686	1.680656	58.990000	54.980000	
0.041750	1.407784	1.631137	59.786000	56.300000	
0.040973	1.410374	1.704769	59.854000	55.110000	
0.040198	1.406974	1.629594	59.626000	55.260000	
0.039425	1.389935	1.680969	60.274000	54.910000	
0.038655	1.391513	1.578739	60.084000	56.780000	
0.037888	1.367404	1.637921	60.910000	54.870000	
0.037123	1.352839	1.562704	61.298000	56.580000	
0.036362	1.338797	1.660070	61.384000	55.810000	
0.035604	1.329416	1.604940	61.896000	56.670000	
0.034850	1.321892	1.602898	61.966000	56.840000	
0.034100	1.304198	1.609049	62.362000	56.810000	
0.033354	1.289107	1.615756	62.648000	57.440000	
0.032612	1.281630	1.540227	62.912000	57.890000	
0.031874	1.263597	1.559505	63.378000	58.530000	
0.031140	1.252158	1.534231	63.844000	58.530000	
0.030412	1.237941	1.596667	64.052000	56.900000	
0.029688	1.224621	1.612003	64.316000	57.350000	
0.028969	1.219715	1.489739	64.604000	59.010000	
0.028256	1.190430	1.539086	65.098000	58.960000	
0.027548	1.187914	1.471381	65.204000	60.180000	
0.026845	1.177750	1.535209	65.588000	59.560000	
0.026149	1.158337	1.451183	66.176000	60.730000	
0.025458	1.148625	1.574767	66.106000	59.260000	
0.024773	1.130891	1.465043	66.682000	60.380000	
0.024095	1.109469	1.525257	67.246000	59.150000	
0.023423	1.110379	1.393010	67.082000	62.160000	
0.022758	1.082397	1.511973	68.220000	60.520000	
0.022099	1.078177	1.458697	68.000000	60.520000	
0.021448	1.063222	1.445588	68.556000	61.080000	
0.020803	1.053516	1.443406	68.652000	61.160000	
0.020166	1.037654	1.407050	69.236000	62.080000	
0.019537	1.016954	1.499311	69.674000	61.480000	
0.018915	1.004964	1.489865	69.792000	61.030000	
0.018300	0.998245	1.470071	70.150000	60.910000	
0.017694	0.977744	1.491191	70.566000	62.170000	
0.017095	0.974966	1.463334	70.470000	62.150000	
0.016505	0.954013	1.456189	71.292000	61.880000	
0.015923	0.932399	1.457903	72.000000	61.440000	
0.015350	0.923409	1.443246	72.168000	62.120000	
0.014785	0.898709	1.371986	72.832000	64.010000	
0.014229	0.891088	1.390471	72.940000	63.330000	
0.013682	0.880707	1.423354	73.184000	63.510000	
0.013144	0.856101	1.431709	74.102000	63.140000	
0.012616	0.847658	1.455864	74.314000	63.140000	
0.012096	0.825966	1.390302	74.860000	63.540000	
0.011586	0.820940	1.376569	74.842000	63.820000	
0.011086	0.805844	1.423744	75.190000	63.360000	
0.010595	0.788901	1.406500	75.860000	63.630000	
0.010114	0.770618	1.408063	76.352000	63.580000	
0.009643	0.757338	1.422498	76.684000	64.430000	
0.009182	0.745743	1.377815	76.928000	65.140000	
0.008731	0.728527	1.393218	77.480000	64.280000	
0.008291	0.716060	1.419211	77.820000	64.510000	
0.007861	0.698492	1.416752	78.302000	64.750000	
0.007441	0.679579	1.409400	78.904000	65.150000	
0.007032	0.668410	1.407228	79.154000	65.330000	
0.006634	0.650955	1.413807	79.624000	65.160000	
0.006247	0.643253	1.408359	79.834000	65.360000	
0.005870	0.617701	1.474284	80.702000	65.450000	
0.005504	0.607610	1.453171	80.998000	65.040000	
0.005150	0.596429	1.409696	81.496000	65.700000	
0.004807	0.583573	1.452733	81.584000	65.520000	
0.004475	0.570468	1.456676	82.084000	65.990000	
0.004154	0.557686	1.481947	82.336000	65.830000	
0.003845	0.543020	1.441155	82.800000	66.260000	
0.003547	0.525484	1.465483	83.290000	65.650000	
0.003261	0.513141	1.476875	83.692000	66.410000	
0.002986	0.502713	1.495989	83.966000	66.190000	
0.002724	0.490519	1.467433	84.466000	66.390000	
0.002473	0.478843	1.508750	84.660000	66.890000	
0.002233	0.469214	1.503915	84.976000	66.670000	
0.002006	0.454560	1.639329	85.356000	65.700000	
0.001791	0.443091	1.501807	85.876000	66.720000	
0.001588	0.436666	1.547753	85.940000	66.940000	
0.001396	0.426247	1.567082	86.234000	66.840000	
0.001217	0.415582	1.585353	86.686000	66.770000	
0.001050	0.407467	1.570893	86.856000	66.940000	
0.000896	0.403001	1.574009	86.964000	66.930000	
0.000753	0.396401	1.587671	87.070000	66.530000	
0.000623	0.391170	1.589723	87.362000	66.960000	
0.000505	0.381463	1.612558	87.542000	66.440000	
0.000399	0.379402	1.600508	87.832000	67.080000	
0.000306	0.375948	1.631111	87.880000	67.370000	
0.000225	0.371081	1.589742	88.006000	67.030000	
0.000157	0.367101	1.543999	88.120000	67.150000	
0.000101	0.364278	1.628592	88.264000	66.900000	
0.000057	0.365011	1.626330	88.364000	66.790000	
0.000026	0.361010	1.587081	88.450000	67.030000	
0.000007	0.359225	1.571893	88.336000	67.250000	
