Learning Rate	Train Loss	Valid Loss	Train Acc.	Valid Acc.	
0.000001	4.607776	4.607755	1.386000	1.380000	
0.050000	4.606492	4.603943	1.012000	1.250000	
0.099994	4.523021	4.368621	1.966000	2.770000	
0.099975	4.195854	4.020144	4.906000	7.070000	
0.099944	3.890752	3.761787	8.796000	11.270000	
0.099900	3.623469	3.498519	13.576000	15.650000	
0.099844	3.359576	3.257277	18.172000	20.210000	
0.099776	3.091731	3.032891	23.096000	24.130000	
0.099695	2.829555	2.809601	27.992000	28.670000	
0.099602	2.613346	2.619788	31.870000	32.680000	
0.099496	2.462918	2.565098	34.980000	33.840000	
0.099378	2.360702	2.368846	37.364000	37.740000	
0.099248	2.259975	2.331844	39.404000	39.210000	
0.099105	2.212302	2.309180	40.382000	39.330000	
0.098951	2.191959	2.301169	40.836000	39.000000	
0.098784	2.145420	2.301589	42.128000	38.980000	
0.098605	2.136900	2.339401	42.422000	39.920000	
0.098413	2.133103	2.246842	42.486000	39.610000	
0.098210	2.115839	2.264683	42.932000	40.870000	
0.097995	2.106391	2.251451	42.920000	41.630000	
0.097768	2.066616	2.213075	44.010000	41.580000	
0.097528	2.075579	2.301540	43.874000	40.690000	
0.097277	2.056850	2.157535	44.152000	41.710000	
0.097015	2.030121	2.262744	45.156000	42.970000	
0.096740	2.022691	2.190022	44.994000	42.830000	
0.096454	2.035350	2.171844	44.774000	43.030000	
0.096156	2.025938	2.280049	45.340000	42.750000	
0.095847	1.998464	2.301357	45.754000	40.680000	
0.095526	1.981267	2.344023	46.450000	39.920000	
0.095194	1.980926	2.152609	46.356000	43.500000	
0.094851	1.970858	2.091947	46.458000	43.560000	
0.094497	1.974202	2.081325	46.238000	44.340000	
0.094131	1.967357	2.160325	46.766000	42.450000	
0.093754	1.954597	2.172593	47.012000	43.490000	
0.093367	1.955049	2.104269	46.678000	45.050000	
0.092969	1.917056	2.201173	47.738000	42.800000	
0.092560	1.928779	2.031838	47.428000	45.940000	
0.092140	1.920451	2.156806	47.508000	44.800000	
0.091710	1.919644	2.244322	47.766000	43.380000	
0.091270	1.909910	2.143131	47.750000	43.950000	
0.090819	1.901492	2.003939	48.122000	46.200000	
0.090358	1.879652	1.984439	48.328000	47.510000	
0.089887	1.855448	2.108579	49.064000	44.730000	
0.089406	1.882145	2.086702	48.494000	45.030000	
0.088915	1.861592	2.109699	49.056000	44.940000	
0.088415	1.856088	1.938884	48.874000	47.180000	
0.087905	1.855899	1.973867	48.942000	47.370000	
0.087385	1.836011	1.895016	49.500000	48.390000	
0.086857	1.820651	2.047977	49.936000	46.960000	
0.086319	1.834655	2.036641	49.736000	46.360000	
0.085772	1.814958	1.892147	50.198000	49.280000	
0.085216	1.795930	2.061037	50.508000	47.070000	
0.084651	1.805170	2.039686	50.402000	45.820000	
0.084078	1.803412	2.117402	50.230000	45.730000	
0.083496	1.803767	1.955712	50.220000	48.520000	
0.082906	1.801744	1.968573	50.310000	47.870000	
0.082307	1.789867	1.954749	50.688000	47.710000	
0.081701	1.766469	2.007067	51.202000	46.760000	
0.081086	1.779962	1.998147	50.792000	48.350000	
0.080464	1.774536	1.893208	50.980000	49.590000	
0.079835	1.746407	1.880654	51.634000	49.810000	
0.079198	1.751122	1.909740	51.678000	49.400000	
0.078553	1.724723	1.945308	52.090000	48.440000	
0.077902	1.724414	1.950429	52.278000	48.430000	
0.077243	1.731474	1.867365	51.972000	49.820000	
0.076578	1.728942	1.893975	52.022000	50.060000	
0.075906	1.701101	1.873574	52.882000	49.580000	
0.075228	1.705145	1.856007	52.730000	50.840000	
0.074543	1.705909	1.871927	52.564000	49.930000	
0.073852	1.681115	1.833996	53.290000	50.960000	
0.073156	1.688307	1.890442	53.116000	50.060000	
0.072453	1.676717	1.846895	53.374000	50.590000	
0.071745	1.664748	1.853494	53.506000	49.860000	
0.071032	1.645298	1.784532	54.030000	51.230000	
0.070313	1.654624	1.811700	53.898000	51.600000	
0.069589	1.647016	1.873039	54.050000	50.560000	
0.068861	1.650856	1.846059	53.814000	51.210000	
0.068127	1.637529	1.907982	54.142000	50.430000	
0.067389	1.617512	1.801937	54.518000	50.820000	
0.066647	1.622371	1.896187	54.742000	50.950000	
0.065901	1.605588	1.754859	55.296000	52.440000	
0.065151	1.598859	1.847302	55.110000	49.950000	
0.064397	1.591657	1.840270	55.206000	51.770000	
0.063639	1.579715	1.767508	55.662000	52.070000	
0.062878	1.572931	1.767014	55.750000	51.850000	
0.062113	1.559404	1.682410	56.058000	53.740000	
0.061346	1.572151	1.797928	56.114000	53.410000	
0.060576	1.551886	1.688115	56.304000	53.910000	
0.059803	1.532374	1.761754	56.806000	52.300000	
0.059028	1.536578	1.790329	56.578000	53.460000	
0.058251	1.520841	1.778310	57.030000	52.560000	
0.057471	1.519554	1.915514	57.200000	50.990000	
0.056690	1.513281	1.760449	56.968000	52.570000	
0.055907	1.499431	1.660768	57.866000	54.560000	
0.055122	1.479027	1.761738	57.978000	53.960000	
0.054336	1.493472	1.706405	57.682000	54.190000	
0.053550	1.478405	1.615103	58.170000	55.590000	
0.052762	1.465931	1.731039	58.392000	54.500000	
0.051973	1.451188	1.705947	58.922000	53.900000	
0.051184	1.442458	1.690828	59.202000	53.780000	
0.050395	1.446033	1.721866	58.812000	54.210000	
0.049606	1.430729	1.643687	59.524000	54.600000	
0.048817	1.421194	1.773279	59.360000	54.440000	
0.048028	1.409597	1.708725	59.942000	54.370000	
0.047239	1.401775	1.690203	60.070000	54.950000	
0.046451	1.400237	1.707460	60.030000	55.320000	
0.045665	1.388199	1.654599	60.206000	55.090000	
0.044879	1.376389	1.643907	60.686000	55.770000	
0.044094	1.361872	1.613123	61.078000	56.350000	
0.043311	1.358147	1.640884	60.942000	56.120000	
0.042530	1.345128	1.605741	61.422000	56.700000	
0.041750	1.335168	1.556019	61.618000	57.580000	
0.040973	1.332932	1.580212	61.404000	56.870000	
0.040198	1.313789	1.570659	62.166000	57.470000	
0.039425	1.300938	1.723892	62.492000	55.630000	
0.038655	1.296754	1.554286	62.684000	57.910000	
0.037888	1.279499	1.538259	63.144000	58.240000	
0.037123	1.276133	1.614951	62.962000	57.130000	
0.036362	1.262391	1.557807	63.388000	58.150000	
0.035604	1.248186	1.498191	63.736000	58.580000	
0.034850	1.239257	1.589361	63.912000	57.420000	
0.034100	1.228964	1.591936	64.268000	57.270000	
0.033354	1.223430	1.589532	64.172000	57.700000	
0.032612	1.198847	1.508289	65.034000	58.860000	
0.031874	1.192275	1.569258	65.100000	58.440000	
0.031140	1.182392	1.505392	65.518000	58.950000	
0.030412	1.185992	1.521041	65.168000	57.930000	
0.029688	1.159765	1.485989	65.944000	59.470000	
0.028969	1.155677	1.446153	65.994000	60.730000	
0.028256	1.139448	1.481973	66.350000	59.810000	
0.027548	1.124288	1.512822	67.154000	59.740000	
0.026845	1.109909	1.501049	67.520000	61.020000	
0.026149	1.110686	1.486054	67.370000	61.070000	
0.025458	1.086988	1.485980	67.856000	60.730000	
0.024773	1.085608	1.541944	67.960000	59.990000	
0.024095	1.071389	1.417542	68.382000	61.140000	
0.023423	1.063308	1.498351	68.740000	60.740000	
0.022758	1.049339	1.458646	68.868000	61.720000	
0.022099	1.032641	1.508195	69.330000	61.990000	
0.021448	1.017977	1.459280	69.806000	62.030000	
0.020803	1.000026	1.455417	70.218000	61.260000	
0.020166	0.994935	1.409356	70.368000	61.860000	
0.019537	0.984910	1.428378	70.598000	62.580000	
0.018915	0.966217	1.434960	71.136000	62.300000	
0.018300	0.952713	1.543292	71.178000	60.730000	
0.017694	0.944045	1.394087	71.464000	62.960000	
0.017095	0.922777	1.418714	72.136000	62.040000	
0.016505	0.911099	1.409539	72.490000	62.950000	
0.015923	0.899074	1.408562	72.578000	63.060000	
0.015350	0.890071	1.389670	73.154000	63.000000	
0.014785	0.866700	1.407478	73.640000	63.010000	
0.014229	0.862285	1.379544	73.842000	64.100000	
0.013682	0.849260	1.414817	74.060000	63.880000	
0.013144	0.833109	1.443410	74.524000	63.640000	
0.012616	0.825055	1.451173	74.680000	63.260000	
0.012096	0.802088	1.439128	75.292000	63.250000	
0.011586	0.793614	1.405103	75.442000	64.110000	
0.011086	0.779938	1.358999	76.028000	64.790000	
0.010595	0.762338	1.446000	76.480000	63.990000	
0.010114	0.742403	1.354965	77.028000	65.080000	
0.009643	0.736063	1.428865	77.308000	64.540000	
0.009182	0.721731	1.397703	77.440000	64.720000	
0.008731	0.706786	1.429328	78.148000	64.500000	
0.008291	0.689829	1.431587	78.320000	64.590000	
0.007861	0.673398	1.408486	79.000000	64.970000	
0.007441	0.657295	1.417230	79.268000	65.170000	
0.007032	0.638218	1.450338	79.806000	64.840000	
0.006634	0.638571	1.380654	79.980000	66.140000	
0.006247	0.608237	1.468657	80.824000	65.050000	
0.005870	0.602563	1.525814	81.002000	65.150000	
0.005504	0.585262	1.488235	81.432000	65.620000	
0.005150	0.568665	1.479399	81.934000	65.400000	
0.004807	0.557775	1.458134	82.292000	65.480000	
0.004475	0.546757	1.501438	82.640000	65.490000	
0.004154	0.531464	1.471222	83.228000	65.990000	
0.003845	0.516099	1.467925	83.510000	65.440000	
0.003547	0.500947	1.515635	83.826000	66.440000	
0.003261	0.489776	1.549701	84.156000	65.910000	
0.002986	0.474424	1.495695	84.696000	65.880000	
0.002724	0.462494	1.545270	84.970000	66.330000	
0.002473	0.451355	1.567458	85.528000	66.340000	
0.002233	0.445419	1.535746	85.604000	66.560000	
0.002006	0.428715	1.547424	86.090000	66.000000	
0.001791	0.417370	1.582120	86.562000	65.980000	
0.001588	0.407478	1.583490	86.666000	66.630000	
0.001396	0.393687	1.561760	87.180000	67.130000	
0.001217	0.386710	1.645493	87.252000	66.570000	
0.001050	0.378338	1.591549	87.626000	66.570000	
0.000896	0.377939	1.606951	87.666000	66.400000	
0.000753	0.366353	1.628098	87.950000	66.960000	
0.000623	0.362399	1.648722	88.088000	66.870000	
0.000505	0.349752	1.637228	88.538000	67.210000	
0.000399	0.347993	1.654572	88.688000	66.740000	
0.000306	0.341891	1.660282	88.902000	66.830000	
0.000225	0.334565	1.644935	89.048000	66.780000	
0.000157	0.335586	1.644605	88.984000	66.840000	
0.000101	0.336085	1.636533	89.006000	67.090000	
0.000057	0.332657	1.671669	89.132000	67.250000	
0.000026	0.334036	1.736401	88.956000	66.570000	
0.000007	0.333445	1.678259	89.044000	66.500000	
