Learning Rate	Train Loss	Valid Loss	Train Acc.	Valid Acc.	
0.000001	4.607911	4.608139	1.004000	0.830000	
0.050000	4.607077	4.605707	0.908000	1.000000	
0.099994	4.606603	4.605429	0.938000	0.900000	
0.099975	4.606603	4.605320	0.900000	1.000000	
0.099944	4.606590	4.605220	0.974000	1.100000	
0.099900	4.606635	4.605127	0.942000	1.140000	
0.099844	4.606684	4.605045	0.924000	1.000000	
0.099776	4.606534	4.604871	0.928000	1.530000	
0.099695	4.606519	4.604411	0.974000	1.540000	
0.099602	4.606241	4.602543	0.944000	1.210000	
0.099496	4.601391	10.900441	1.194000	1.250000	
0.099378	4.531309	5.333240	1.652000	1.700000	
0.099248	4.390732	5.769438	2.774000	2.830000	
0.099105	4.078529	5.205290	6.098000	5.390000	
0.098951	3.811636	4.395379	10.270000	7.920000	
0.098784	3.561606	4.461761	14.420000	11.440000	
0.098605	3.272617	3.585934	19.454000	18.840000	
0.098413	2.987936	3.339631	24.334000	20.740000	
0.098210	2.755830	4.604639	28.974000	15.160000	
0.097995	2.573156	4.238260	32.538000	19.300000	
0.097768	2.432944	4.293662	35.634000	20.940000	
0.097528	2.307239	4.951997	38.376000	18.240000	
0.097277	2.197093	5.737801	40.724000	15.270000	
0.097015	2.126789	7.446022	42.492000	12.120000	
0.096740	2.064876	4.496967	43.982000	21.600000	
0.096454	2.008195	5.691994	44.940000	16.350000	
0.096156	1.964075	4.699770	46.078000	20.810000	
0.095847	1.925959	5.032513	47.048000	16.220000	
0.095526	1.906769	5.647936	47.518000	17.140000	
0.095194	1.872785	5.311738	48.422000	17.650000	
0.094851	1.853344	4.668925	48.908000	20.570000	
0.094497	1.825264	6.674227	49.374000	13.010000	
0.094131	1.812559	5.945737	49.720000	16.880000	
0.093754	1.798790	5.947926	49.960000	16.530000	
0.093367	1.787423	6.815088	50.330000	13.580000	
0.092969	1.764661	1.893475	50.690000	48.840000	
0.092560	1.752216	1.971683	51.496000	49.150000	
0.092140	1.749242	1.852450	51.372000	49.500000	
0.091710	1.727441	1.882662	51.852000	48.900000	
0.091270	1.710368	1.925603	52.234000	47.510000	
0.090819	1.695595	1.848372	52.654000	50.500000	
0.090358	1.697512	1.820554	52.610000	50.370000	
0.089887	1.700124	1.841255	52.552000	49.680000	
0.089406	1.682325	1.880349	52.914000	50.400000	
0.088915	1.666894	1.829424	53.274000	50.400000	
0.088415	1.663109	1.793131	53.618000	51.220000	
0.087905	1.652201	1.867506	53.384000	50.300000	
0.087385	1.632764	1.827618	53.994000	50.530000	
0.086857	1.632798	1.867938	53.806000	49.910000	
0.086319	1.631430	1.797653	54.172000	51.100000	
0.085772	1.634591	1.899893	54.016000	49.260000	
0.085216	1.615372	1.795455	54.752000	51.680000	
0.084651	1.599851	1.779711	55.206000	51.820000	
0.084078	1.600447	1.738078	54.862000	53.380000	
0.083496	1.612624	1.838659	54.596000	50.130000	
0.082906	1.593703	1.806599	55.174000	52.070000	
0.082307	1.570956	1.797521	55.768000	51.150000	
0.081701	1.586942	1.872824	55.478000	50.290000	
0.081086	1.565451	1.682705	56.088000	53.780000	
0.080464	1.560451	1.805725	56.006000	52.170000	
0.079835	1.545102	1.859815	56.416000	50.350000	
0.079198	1.554418	1.775143	56.150000	51.970000	
0.078553	1.542211	1.864722	56.372000	51.420000	
0.077902	1.544763	1.771406	56.528000	51.780000	
0.077243	1.534219	1.739422	56.750000	52.780000	
0.076578	1.537603	1.724835	56.512000	54.100000	
0.075906	1.516509	1.818042	56.806000	52.250000	
0.075228	1.518936	1.736418	57.024000	52.810000	
0.074543	1.505149	1.689685	57.096000	54.290000	
0.073852	1.496630	1.799422	57.552000	51.830000	
0.073156	1.494486	1.765998	57.530000	53.470000	
0.072453	1.496655	1.759825	57.444000	52.280000	
0.071745	1.479972	1.785220	58.082000	53.340000	
0.071032	1.484996	1.698725	57.694000	53.660000	
0.070313	1.476391	1.714133	57.974000	53.520000	
0.069589	1.472771	1.772645	58.024000	52.790000	
0.068861	1.454762	1.731253	58.640000	54.300000	
0.068127	1.459087	1.699056	58.314000	54.950000	
0.067389	1.451468	1.597217	58.672000	55.700000	
0.066647	1.426364	1.652163	59.314000	54.440000	
0.065901	1.428500	1.696521	59.130000	54.650000	
0.065151	1.423977	1.710249	59.374000	53.700000	
0.064397	1.416286	1.597127	59.290000	56.100000	
0.063639	1.417599	1.654636	59.508000	55.670000	
0.062878	1.394448	1.628064	59.898000	55.980000	
0.062113	1.398985	1.622141	60.044000	56.700000	
0.061346	1.391359	1.642150	60.082000	55.630000	
0.060576	1.391096	1.624286	60.220000	55.640000	
0.059803	1.378578	1.576837	60.292000	56.900000	
0.059028	1.369956	1.622052	60.526000	56.290000	
0.058251	1.368634	1.625753	60.642000	56.260000	
0.057471	1.351134	1.667996	61.006000	55.770000	
0.056690	1.355352	1.692050	61.068000	54.550000	
0.055907	1.345643	1.614887	61.420000	55.580000	
0.055122	1.340358	1.654513	61.334000	55.840000	
0.054336	1.326010	1.618292	61.440000	55.940000	
0.053550	1.324085	1.594221	61.892000	56.780000	
0.052762	1.314505	1.584794	62.004000	56.110000	
0.051973	1.313771	1.608998	61.960000	55.990000	
0.051184	1.307858	1.561994	62.110000	57.200000	
0.050395	1.298897	1.509504	62.516000	58.290000	
0.049606	1.281391	1.590174	62.764000	58.210000	
0.048817	1.295162	1.556538	62.312000	57.570000	
0.048028	1.277709	1.577032	62.818000	57.640000	
0.047239	1.259215	1.622371	63.374000	57.370000	
0.046451	1.273972	1.553116	63.000000	57.700000	
0.045665	1.246893	1.604024	63.786000	57.060000	
0.044879	1.240501	1.565169	63.606000	57.500000	
0.044094	1.239434	1.557801	63.774000	58.530000	
0.043311	1.230607	1.595639	64.318000	57.540000	
0.042530	1.210437	1.612998	64.800000	56.910000	
0.041750	1.214959	1.578767	64.428000	57.720000	
0.040973	1.195944	1.644710	65.110000	56.480000	
0.040198	1.195426	1.558811	65.120000	58.320000	
0.039425	1.191188	1.546856	65.116000	58.180000	
0.038655	1.183290	1.520926	65.544000	59.300000	
0.037888	1.169153	1.532051	65.642000	59.090000	
0.037123	1.162825	1.527753	65.766000	60.010000	
0.036362	1.149834	1.631145	66.254000	58.180000	
0.035604	1.145642	1.578331	66.280000	58.130000	
0.034850	1.145114	1.519197	66.218000	58.330000	
0.034100	1.120877	1.506689	66.956000	60.030000	
0.033354	1.115574	1.502199	66.954000	59.620000	
0.032612	1.104227	1.530219	67.310000	60.230000	
0.031874	1.106948	1.470104	67.166000	60.830000	
0.031140	1.091203	1.466645	67.480000	60.410000	
0.030412	1.076812	1.494603	68.136000	60.370000	
0.029688	1.067374	1.498129	68.410000	59.690000	
0.028969	1.057892	1.535664	68.572000	59.930000	
0.028256	1.050214	1.494260	68.402000	61.590000	
0.027548	1.041720	1.466843	69.012000	60.070000	
0.026845	1.031765	1.497457	69.052000	60.970000	
0.026149	1.015997	1.417226	69.568000	62.310000	
0.025458	0.998705	1.478596	69.914000	60.830000	
0.024773	0.993947	1.467415	70.268000	60.190000	
0.024095	0.985750	1.418183	70.378000	62.040000	
0.023423	0.971850	1.499464	70.860000	61.410000	
0.022758	0.965985	1.451868	70.932000	62.270000	
0.022099	0.962346	1.546408	71.114000	61.540000	
0.021448	0.943117	1.497884	71.560000	61.380000	
0.020803	0.929135	1.465395	72.038000	61.940000	
0.020166	0.916356	1.440571	72.242000	62.160000	
0.019537	0.913797	1.422613	72.130000	62.400000	
0.018915	0.892961	1.409085	72.722000	63.200000	
0.018300	0.890066	1.446408	73.186000	61.840000	
0.017694	0.874646	1.501823	73.256000	62.650000	
0.017095	0.864373	1.453074	73.720000	63.110000	
0.016505	0.852538	1.422166	74.154000	62.250000	
0.015923	0.838584	1.483411	74.480000	61.870000	
0.015350	0.829707	1.480991	74.534000	62.810000	
0.014785	0.818339	1.518366	74.966000	62.890000	
0.014229	0.803339	1.559904	75.296000	62.440000	
0.013682	0.791198	1.480055	75.718000	63.640000	
0.013144	0.777684	1.422373	75.940000	63.990000	
0.012616	0.763550	1.423999	76.450000	63.750000	
0.012096	0.751552	1.407943	76.654000	64.340000	
0.011586	0.731517	1.506810	77.370000	64.040000	
0.011086	0.725647	1.445936	77.554000	64.500000	
0.010595	0.712534	1.471778	77.790000	63.990000	
0.010114	0.700468	1.434235	78.042000	64.260000	
0.009643	0.689770	1.458711	78.424000	64.130000	
0.009182	0.674317	1.417668	78.896000	64.330000	
0.008731	0.652603	1.442001	79.422000	65.490000	
0.008291	0.640303	1.538538	79.820000	63.570000	
0.007861	0.636017	1.454940	79.966000	64.660000	
0.007441	0.610427	1.473333	80.654000	65.050000	
0.007032	0.604804	1.454307	81.028000	65.600000	
0.006634	0.586341	1.502778	81.472000	65.190000	
0.006247	0.573882	1.460551	81.766000	64.580000	
0.005870	0.557659	1.527371	82.376000	65.420000	
0.005504	0.541296	1.516141	82.662000	65.420000	
0.005150	0.537792	1.492616	82.904000	65.680000	
0.004807	0.519547	1.485636	83.296000	66.030000	
0.004475	0.500556	1.486712	83.950000	66.320000	
0.004154	0.495635	1.545826	84.060000	65.970000	
0.003845	0.479429	1.545286	84.524000	66.130000	
0.003547	0.466448	1.570191	84.880000	65.430000	
0.003261	0.453647	1.544809	85.330000	66.360000	
0.002986	0.434192	1.561277	86.014000	65.900000	
0.002724	0.424088	1.602977	86.118000	66.190000	
0.002473	0.410425	1.626530	86.622000	66.810000	
0.002233	0.401147	1.621175	86.892000	65.970000	
0.002006	0.388462	1.560176	87.116000	66.530000	
0.001791	0.374707	1.620042	87.760000	66.720000	
0.001588	0.367322	1.597634	87.982000	66.650000	
0.001396	0.355223	1.669530	88.198000	67.210000	
0.001217	0.354060	1.670980	88.360000	66.900000	
0.001050	0.337789	1.717377	88.824000	66.790000	
0.000896	0.331577	1.769783	89.124000	66.670000	
0.000753	0.325720	1.711353	89.298000	67.230000	
0.000623	0.319251	1.680769	89.550000	67.170000	
0.000505	0.313152	1.730936	89.684000	66.960000	
0.000399	0.307718	1.774072	89.888000	66.690000	
0.000306	0.303863	1.837538	89.934000	67.260000	
0.000225	0.299428	1.769833	90.090000	66.980000	
0.000157	0.294548	1.738909	90.370000	67.030000	
0.000101	0.292635	1.854654	90.378000	67.010000	
0.000057	0.287414	1.801161	90.344000	66.940000	
0.000026	0.288781	1.765726	90.570000	67.090000	
0.000007	0.290155	1.812829	90.438000	66.370000	
