Learning Rate	Train Loss	Valid Loss	Train Acc.	Valid Acc.	
0.000001	4.786437	4.741516	0.964000	0.990000	
0.050000	4.035175	3.722188	7.758000	11.690000	
0.099994	3.553591	3.343003	14.448000	17.150000	
0.099975	3.137374	3.206969	21.492000	21.700000	
0.099944	2.886936	2.842632	26.286000	27.880000	
0.099900	2.695068	2.728899	30.226000	31.110000	
0.099844	2.564822	2.533628	32.594000	33.560000	
0.099776	2.453232	2.602776	35.324000	33.120000	
0.099695	2.363637	2.339455	37.218000	37.540000	
0.099602	2.282700	2.405145	39.020000	36.850000	
0.099496	2.217705	2.375923	40.436000	38.140000	
0.099378	2.169998	2.208681	41.564000	40.370000	
0.099248	2.122524	2.160035	42.476000	41.460000	
0.099105	2.090586	2.166717	43.316000	42.030000	
0.098951	2.048057	2.108290	44.122000	43.960000	
0.098784	2.017946	2.233963	45.070000	42.020000	
0.098605	1.995613	2.061079	45.658000	44.690000	
0.098413	1.955075	2.059310	46.448000	44.460000	
0.098210	1.942689	1.990696	46.522000	45.490000	
0.097995	1.922403	2.112536	47.076000	43.790000	
0.097768	1.900299	2.033020	47.816000	45.550000	
0.097528	1.872213	2.021878	48.274000	45.810000	
0.097277	1.862074	1.916200	48.564000	48.140000	
0.097015	1.842253	1.978133	49.012000	46.580000	
0.096740	1.834591	1.929423	49.332000	47.770000	
0.096454	1.823490	1.895492	49.468000	48.310000	
0.096156	1.804225	1.865473	49.776000	48.870000	
0.095847	1.791022	1.920445	50.386000	48.150000	
0.095526	1.782511	1.908048	50.286000	48.350000	
0.095194	1.771787	1.869865	50.890000	48.510000	
0.094851	1.766318	1.827804	50.822000	49.440000	
0.094497	1.761293	1.849283	50.926000	50.080000	
0.094131	1.741334	1.893608	51.440000	48.900000	
0.093754	1.732120	1.926420	51.608000	48.510000	
0.093367	1.727349	1.868466	51.844000	49.110000	
0.092969	1.711916	1.864254	52.362000	50.130000	
0.092560	1.701518	1.917234	52.458000	48.700000	
0.092140	1.704904	1.906321	52.294000	49.170000	
0.091710	1.697795	1.815211	52.468000	50.130000	
0.091270	1.680230	1.847777	53.128000	49.580000	
0.090819	1.671794	1.859936	52.954000	49.970000	
0.090358	1.664886	1.779638	53.336000	51.920000	
0.089887	1.665343	1.813065	53.230000	51.230000	
0.089406	1.665434	1.795891	53.426000	50.860000	
0.088915	1.650513	1.797590	53.784000	50.860000	
0.088415	1.635689	1.869309	54.150000	49.510000	
0.087905	1.632808	1.841610	54.166000	49.770000	
0.087385	1.630379	1.796117	54.170000	51.530000	
0.086857	1.621084	1.854688	54.344000	50.920000	
0.086319	1.618363	1.799268	54.468000	51.490000	
0.085772	1.620125	1.696247	54.470000	53.750000	
0.085216	1.614955	1.789426	54.690000	50.720000	
0.084651	1.610757	1.792844	54.844000	51.170000	
0.084078	1.610291	1.797644	54.922000	50.950000	
0.083496	1.598422	1.734323	54.986000	52.180000	
0.082906	1.590275	1.737578	54.950000	52.660000	
0.082307	1.572885	1.745327	55.618000	51.660000	
0.081701	1.570840	1.757919	55.720000	52.070000	
0.081086	1.576516	1.740725	55.382000	52.470000	
0.080464	1.561274	1.718093	55.860000	52.990000	
0.079835	1.560891	1.721355	55.944000	52.650000	
0.079198	1.548976	1.710398	56.154000	53.260000	
0.078553	1.545562	1.743472	56.368000	52.360000	
0.077902	1.536266	1.703761	56.556000	53.480000	
0.077243	1.538648	1.734982	56.560000	53.010000	
0.076578	1.536693	1.760667	56.524000	52.340000	
0.075906	1.534257	1.727216	56.526000	52.330000	
0.075228	1.525220	1.696264	56.778000	54.030000	
0.074543	1.518643	1.747324	57.112000	52.870000	
0.073852	1.521091	1.714629	57.154000	52.680000	
0.073156	1.500102	1.690794	57.644000	53.540000	
0.072453	1.499522	1.725400	57.508000	52.820000	
0.071745	1.495221	1.773017	57.940000	52.250000	
0.071032	1.492830	1.735348	57.602000	52.050000	
0.070313	1.474750	1.669234	58.010000	54.620000	
0.069589	1.484855	1.684931	57.956000	53.770000	
0.068861	1.468014	1.722619	58.524000	53.220000	
0.068127	1.474434	1.653027	58.322000	54.890000	
0.067389	1.462593	1.657505	58.404000	54.260000	
0.066647	1.456810	1.652605	58.560000	54.170000	
0.065901	1.450869	1.684534	58.654000	53.670000	
0.065151	1.453800	1.639878	58.738000	54.580000	
0.064397	1.442303	1.633903	58.962000	54.870000	
0.063639	1.431096	1.697568	59.338000	53.740000	
0.062878	1.437468	1.623438	58.978000	55.560000	
0.062113	1.431142	1.678093	59.480000	54.020000	
0.061346	1.421760	1.626445	59.408000	55.930000	
0.060576	1.414247	1.623480	59.644000	55.800000	
0.059803	1.404495	1.568284	59.952000	56.240000	
0.059028	1.402907	1.620861	60.084000	55.740000	
0.058251	1.399978	1.633007	60.000000	55.320000	
0.057471	1.393097	1.576609	60.128000	56.040000	
0.056690	1.393232	1.622708	60.230000	55.470000	
0.055907	1.378724	1.659194	60.522000	54.870000	
0.055122	1.373352	1.625953	60.582000	55.730000	
0.054336	1.362945	1.617293	60.724000	55.440000	
0.053550	1.367315	1.584502	60.972000	56.530000	
0.052762	1.353948	1.591787	61.126000	55.740000	
0.051973	1.354668	1.666492	61.164000	55.280000	
0.051184	1.351911	1.615781	61.092000	55.150000	
0.050395	1.335879	1.534603	61.880000	57.240000	
0.049606	1.332218	1.591062	61.692000	55.980000	
0.048817	1.329150	1.535637	61.908000	57.130000	
0.048028	1.326048	1.566573	62.022000	57.040000	
0.047239	1.316140	1.635841	62.080000	55.930000	
0.046451	1.309273	1.551530	62.256000	57.470000	
0.045665	1.297949	1.606473	62.814000	56.190000	
0.044879	1.292086	1.580654	62.670000	57.160000	
0.044094	1.285555	1.585557	62.750000	56.690000	
0.043311	1.286365	1.575570	62.902000	56.580000	
0.042530	1.271586	1.613084	63.372000	55.780000	
0.041750	1.272142	1.534159	63.314000	57.740000	
0.040973	1.268145	1.539095	63.410000	57.450000	
0.040198	1.257642	1.570334	63.678000	56.550000	
0.039425	1.250138	1.498380	63.882000	58.480000	
0.038655	1.245637	1.549760	63.972000	57.370000	
0.037888	1.238868	1.563211	64.210000	57.240000	
0.037123	1.235525	1.551456	64.374000	57.560000	
0.036362	1.225009	1.515374	64.618000	57.840000	
0.035604	1.219497	1.505553	64.768000	58.210000	
0.034850	1.210470	1.536598	65.006000	58.100000	
0.034100	1.201091	1.513270	65.254000	58.380000	
0.033354	1.196299	1.572978	65.190000	56.990000	
0.032612	1.198043	1.561911	65.430000	57.240000	
0.031874	1.184963	1.479422	65.630000	59.020000	
0.031140	1.177707	1.491715	65.640000	59.020000	
0.030412	1.169978	1.495317	66.000000	58.460000	
0.029688	1.164125	1.488347	66.182000	59.170000	
0.028969	1.156474	1.504697	66.302000	58.690000	
0.028256	1.157202	1.533993	66.302000	58.220000	
0.027548	1.141121	1.503529	67.024000	59.020000	
0.026845	1.137542	1.483718	66.698000	58.580000	
0.026149	1.127853	1.474342	67.192000	58.950000	
0.025458	1.116988	1.474396	67.670000	59.500000	
0.024773	1.117801	1.481130	67.408000	59.100000	
0.024095	1.107424	1.561059	67.828000	58.290000	
0.023423	1.098339	1.488267	67.988000	59.810000	
0.022758	1.092311	1.447519	68.108000	59.610000	
0.022099	1.091689	1.460727	67.992000	59.680000	
0.021448	1.072765	1.436157	68.670000	60.670000	
0.020803	1.063439	1.472486	68.866000	59.910000	
0.020166	1.060364	1.417185	68.966000	60.350000	
0.019537	1.055470	1.524182	69.174000	58.850000	
0.018915	1.047490	1.418765	69.540000	60.580000	
0.018300	1.029888	1.520375	69.930000	59.590000	
0.017694	1.029505	1.441281	69.968000	60.590000	
0.017095	1.016033	1.441842	70.208000	60.270000	
0.016505	1.009874	1.401846	70.242000	61.570000	
0.015923	0.999844	1.401811	70.732000	61.570000	
0.015350	0.993864	1.422429	70.822000	60.960000	
0.014785	0.980154	1.431831	71.128000	60.900000	
0.014229	0.976093	1.420937	71.346000	61.150000	
0.013682	0.962016	1.461052	71.868000	61.120000	
0.013144	0.956403	1.417583	71.850000	61.750000	
0.012616	0.948497	1.435614	72.124000	61.600000	
0.012096	0.933574	1.438921	72.746000	60.330000	
0.011586	0.935499	1.400365	72.578000	61.690000	
0.011086	0.921155	1.451879	72.932000	61.070000	
0.010595	0.911726	1.389204	73.392000	61.990000	
0.010114	0.904620	1.402430	73.478000	62.030000	
0.009643	0.892211	1.430878	73.686000	61.140000	
0.009182	0.880422	1.393677	74.018000	62.180000	
0.008731	0.878104	1.423594	74.116000	62.010000	
0.008291	0.866529	1.492465	74.788000	60.510000	
0.007861	0.858290	1.403794	74.678000	62.130000	
0.007441	0.845747	1.366027	74.988000	63.050000	
0.007032	0.843073	1.413182	75.122000	61.790000	
0.006634	0.833848	1.373740	75.356000	62.870000	
0.006247	0.824155	1.368360	75.704000	62.870000	
0.005870	0.813172	1.384416	76.050000	62.730000	
0.005504	0.807621	1.412219	76.232000	62.240000	
0.005150	0.797347	1.386178	76.266000	62.470000	
0.004807	0.789047	1.365903	76.698000	62.980000	
0.004475	0.777771	1.372446	77.148000	63.270000	
0.004154	0.772223	1.375486	77.300000	62.980000	
0.003845	0.765395	1.359088	77.382000	63.280000	
0.003547	0.757206	1.354714	77.714000	63.270000	
0.003261	0.748038	1.351030	77.996000	63.670000	
0.002986	0.742026	1.379986	78.216000	63.270000	
0.002724	0.739525	1.384096	78.152000	62.960000	
0.002473	0.727814	1.403869	78.502000	63.230000	
0.002233	0.720423	1.367007	78.678000	63.280000	
0.002006	0.708522	1.343105	79.128000	63.740000	
0.001791	0.710759	1.365817	79.034000	63.200000	
0.001588	0.702224	1.391732	79.566000	62.860000	
0.001396	0.696893	1.355013	79.634000	63.800000	
0.001217	0.692392	1.355346	79.624000	63.950000	
0.001050	0.691304	1.377981	79.894000	63.420000	
0.000896	0.682951	1.346974	80.102000	63.620000	
0.000753	0.680263	1.347590	80.338000	63.860000	
0.000623	0.675079	1.358613	80.430000	64.340000	
0.000505	0.674667	1.344866	80.470000	63.990000	
0.000399	0.669370	1.375451	80.512000	63.280000	
0.000306	0.668820	1.346513	80.728000	63.900000	
0.000225	0.664837	1.312651	80.786000	64.650000	
0.000157	0.666497	1.346308	80.900000	63.890000	
0.000101	0.661516	1.335393	80.980000	64.040000	
0.000057	0.664374	1.351647	80.828000	64.000000	
0.000026	0.660364	1.329510	80.928000	64.000000	
0.000007	0.658744	1.343504	80.908000	63.840000	
