Learning Rate	Train Loss	Valid Loss	Train Acc.	Valid Acc.	
0.000001	4.760181	4.739909	0.946000	0.930000	
0.050000	4.133727	3.987132	6.280000	8.130000	
0.099994	3.822428	4.642028	9.894000	6.020000	
0.099975	3.462831	4.021047	15.936000	12.250000	
0.099944	3.244096	3.611147	19.938000	16.480000	
0.099900	3.055043	3.640344	23.368000	16.770000	
0.099844	2.965684	3.364511	25.162000	22.240000	
0.099776	2.817282	3.504168	27.788000	19.870000	
0.099695	2.726552	4.428328	29.644000	11.200000	
0.099602	2.719384	3.486150	30.108000	20.350000	
0.099496	2.655246	3.940962	31.618000	16.090000	
0.099378	2.596840	3.538319	32.598000	20.940000	
0.099248	2.575097	4.501065	33.042000	13.390000	
0.099105	2.580126	4.253237	32.958000	17.610000	
0.098951	nan	nan	17.770000	0.850000	
0.098784	nan	nan	0.008000	0.200000	
0.098605	nan	nan	0.010000	0.740000	
0.098413	nan	nan	0.008000	0.440000	
0.098210	nan	nan	0.154000	0.650000	
0.097995	nan	nan	0.002000	0.820000	
0.097768	nan	nan	0.012000	0.320000	
0.097528	nan	nan	0.152000	0.220000	
0.097277	nan	nan	0.140000	0.210000	
