Learning Rate	Train Loss	Valid Loss	Train Acc.	Valid Acc.	
0.000001	4.830041	4.836696	1.086000	1.030000	
0.050000	4.191773	3.938895	5.908000	7.910000	
0.099994	3.667176	3.802940	12.638000	13.020000	
0.099975	3.249386	3.245588	19.804000	20.800000	
0.099944	2.894720	3.388071	26.252000	21.350000	
0.099900	2.632761	3.385668	31.298000	22.290000	
0.099844	2.445342	2.656172	35.328000	31.620000	
0.099776	2.290564	2.853394	38.558000	31.780000	
0.099695	2.167553	2.866253	41.230000	32.550000	
0.099602	2.076944	2.470379	43.306000	36.380000	
0.099496	2.003884	2.308479	45.304000	38.450000	
0.099378	1.931352	2.363183	46.768000	39.360000	
0.099248	1.882381	2.223341	47.990000	41.320000	
0.099105	1.843023	2.808502	48.948000	34.950000	
0.098951	1.802982	2.843181	49.786000	34.260000	
0.098784	1.773722	2.754149	50.614000	35.310000	
0.098605	1.739194	2.149247	51.498000	43.540000	
0.098413	1.714239	2.083574	51.964000	45.400000	
0.098210	1.687263	2.331216	52.504000	41.570000	
0.097995	1.664968	2.643432	53.404000	36.170000	
0.097768	1.643579	2.237479	53.842000	43.100000	
0.097528	1.625035	2.242514	54.064000	42.160000	
0.097277	1.623535	2.459955	54.210000	40.730000	
0.097015	1.595890	2.082071	54.882000	45.090000	
0.096740	1.578321	2.181922	55.498000	43.650000	
0.096454	1.575155	2.081334	55.332000	44.910000	
0.096156	1.543786	2.246453	56.356000	42.630000	
0.095847	1.551975	2.084497	55.986000	46.090000	
0.095526	1.534439	2.016204	56.450000	46.810000	
0.095194	1.517358	2.207079	56.982000	44.210000	
0.094851	1.509001	2.076468	57.420000	47.020000	
0.094497	1.502465	2.193759	57.230000	43.980000	
0.094131	1.486587	2.392959	57.818000	41.840000	
0.093754	1.484895	2.005016	57.584000	47.380000	
0.093367	1.472411	2.063333	58.190000	46.910000	
0.092969	1.463715	2.218192	58.252000	43.490000	
0.092560	1.468938	2.078086	58.102000	46.560000	
0.092140	1.453932	2.514339	58.552000	40.140000	
0.091710	1.454519	2.006904	58.514000	47.170000	
0.091270	1.432216	2.018748	59.080000	47.560000	
0.090819	1.429003	2.258510	59.330000	43.800000	
0.090358	1.426134	2.253375	59.158000	43.360000	
0.089887	1.419817	2.199765	59.434000	44.940000	
0.089406	1.417411	1.932963	59.630000	48.730000	
0.088915	1.408267	2.070877	59.756000	48.300000	
0.088415	1.393297	1.918933	60.244000	49.170000	
0.087905	1.391081	2.096463	60.190000	45.920000	
0.087385	1.392293	2.138048	60.156000	45.750000	
0.086857	1.379762	2.138735	60.402000	46.930000	
0.086319	1.376921	2.045758	60.674000	47.340000	
0.085772	1.373899	2.094524	60.732000	46.860000	
0.085216	1.367447	2.302398	60.734000	43.870000	
0.084651	1.364610	2.237788	60.648000	44.330000	
0.084078	1.351975	1.894755	61.386000	49.670000	
0.083496	1.339286	2.241475	61.336000	46.000000	
0.082906	1.344147	1.999409	61.250000	47.370000	
0.082307	1.338896	2.021284	61.430000	48.550000	
0.081701	1.331253	1.987476	61.856000	48.810000	
0.081086	1.338341	2.121300	61.730000	46.000000	
0.080464	1.324025	2.123641	62.098000	45.220000	
0.079835	1.318289	2.311573	62.002000	45.240000	
0.079198	1.312819	1.881966	62.238000	51.010000	
0.078553	1.310414	1.953989	62.166000	50.050000	
0.077902	1.308990	2.258436	62.140000	44.170000	
0.077243	1.307456	2.311530	62.392000	44.310000	
0.076578	1.294751	2.421134	62.654000	41.810000	
0.075906	1.285139	1.995790	63.106000	48.490000	
0.075228	1.283258	1.926240	62.976000	50.030000	
0.074543	1.282396	2.013525	63.138000	49.280000	
0.073852	1.272036	1.991015	62.992000	49.350000	
0.073156	1.277206	1.889445	63.092000	50.820000	
0.072453	1.265965	1.943510	63.230000	50.120000	
0.071745	1.261728	1.873662	63.706000	50.030000	
0.071032	1.263987	1.845322	63.320000	51.760000	
0.070313	1.250198	1.803060	64.002000	51.900000	
0.069589	1.253674	1.976915	63.884000	50.210000	
0.068861	1.240103	1.999819	64.134000	49.070000	
0.068127	1.238936	2.045515	64.258000	48.310000	
0.067389	1.226028	1.838368	64.670000	52.010000	
0.066647	1.220181	2.739814	64.656000	39.620000	
0.065901	1.221114	1.810562	64.810000	52.040000	
0.065151	1.214919	1.719959	64.604000	52.750000	
0.064397	1.227603	1.914817	64.270000	50.690000	
0.063639	1.206670	1.945628	65.248000	49.840000	
0.062878	1.193827	1.921098	65.486000	50.450000	
0.062113	1.196896	2.176861	65.304000	48.030000	
0.061346	1.194835	1.768388	65.278000	53.430000	
0.060576	1.192741	1.914498	65.382000	50.240000	
0.059803	1.176661	2.113185	65.726000	48.020000	
0.059028	1.182034	1.867696	65.514000	51.380000	
0.058251	1.168719	1.920258	66.112000	49.960000	
0.057471	1.171780	1.915479	66.044000	50.770000	
0.056690	1.158905	1.670083	66.332000	54.950000	
0.055907	1.158887	1.992358	66.188000	49.540000	
0.055122	1.155437	1.890470	66.428000	51.880000	
0.054336	1.149528	2.017964	66.708000	48.920000	
0.053550	1.136374	1.860122	66.998000	51.450000	
0.052762	1.130383	1.635314	67.088000	55.890000	
0.051973	1.127172	1.752683	67.304000	54.320000	
0.051184	1.125134	1.910889	67.174000	51.030000	
0.050395	1.113667	1.713344	67.324000	54.590000	
0.049606	1.104289	2.120690	67.792000	49.330000	
0.048817	1.115664	1.886106	67.460000	51.730000	
0.048028	1.105876	1.824968	67.606000	52.150000	
0.047239	1.097853	1.773358	67.594000	54.310000	
0.046451	1.087156	1.795111	68.150000	52.420000	
0.045665	1.083527	1.809104	68.158000	54.550000	
0.044879	1.086076	2.064941	68.196000	49.880000	
0.044094	1.078238	1.840369	68.462000	52.980000	
0.043311	1.070680	1.654345	68.786000	54.980000	
0.042530	1.059807	1.809473	69.146000	53.160000	
0.041750	1.054090	1.688771	69.202000	55.910000	
0.040973	1.053778	1.758197	69.262000	54.230000	
0.040198	1.044650	1.663302	69.324000	56.730000	
0.039425	1.042473	1.584146	69.276000	57.220000	
0.038655	1.036496	1.672054	69.678000	55.140000	
0.037888	1.032887	1.742328	69.540000	53.970000	
0.037123	1.023200	1.659231	69.874000	56.450000	
0.036362	1.013476	1.770393	70.300000	53.110000	
0.035604	1.012784	1.548083	70.100000	58.010000	
0.034850	1.006156	1.605296	70.532000	57.470000	
0.034100	0.998789	1.730908	70.552000	54.460000	
0.033354	0.996325	1.622859	70.610000	56.440000	
0.032612	0.984032	1.642300	71.286000	55.770000	
0.031874	0.979187	1.562867	71.280000	57.580000	
0.031140	0.972037	1.745626	71.300000	55.610000	
0.030412	0.966052	1.460547	71.472000	59.820000	
0.029688	0.964758	1.877903	71.592000	53.620000	
0.028969	0.945139	1.633519	72.452000	56.590000	
0.028256	0.946206	1.528774	72.254000	58.770000	
0.027548	0.940466	1.523413	72.554000	58.580000	
0.026845	0.933259	1.534448	72.448000	58.060000	
0.026149	0.923187	1.548676	72.808000	58.480000	
0.025458	0.918022	1.481504	73.008000	59.770000	
0.024773	0.913717	1.619600	73.082000	57.860000	
0.024095	0.913019	1.622477	73.120000	57.310000	
0.023423	0.896633	1.436265	73.670000	60.600000	
0.022758	0.890188	1.352706	73.650000	61.970000	
0.022099	0.881664	1.576822	73.984000	57.800000	
0.021448	0.881806	1.506236	73.982000	59.320000	
0.020803	0.869268	1.403519	74.328000	61.360000	
0.020166	0.862580	1.508645	74.908000	59.080000	
0.019537	0.854328	1.416492	74.904000	60.350000	
0.018915	0.852196	1.503185	75.014000	59.770000	
0.018300	0.839366	1.530967	75.472000	59.920000	
0.017694	0.830544	1.552592	75.530000	59.030000	
0.017095	0.824355	1.626247	75.892000	57.050000	
0.016505	0.826302	1.375573	75.578000	61.970000	
0.015923	0.809138	1.374505	76.166000	62.270000	
0.015350	0.808262	1.488776	76.158000	60.400000	
0.014785	0.796470	1.457929	76.688000	60.610000	
0.014229	0.792282	1.350591	76.588000	62.430000	
0.013682	0.783542	1.334699	77.020000	62.640000	
0.013144	0.774702	1.369986	77.198000	62.980000	
0.012616	0.763532	1.433487	77.844000	61.590000	
0.012096	0.754861	1.410254	77.728000	61.470000	
0.011586	0.749828	1.437326	78.060000	60.970000	
0.011086	0.741525	1.329140	78.440000	63.990000	
0.010595	0.730953	1.308908	78.618000	64.020000	
0.010114	0.727203	1.345689	78.694000	63.150000	
0.009643	0.716097	1.328472	78.856000	63.450000	
0.009182	0.712754	1.381401	79.174000	62.370000	
0.008731	0.700898	1.327046	79.602000	63.790000	
0.008291	0.693011	1.270864	79.792000	65.010000	
0.007861	0.686918	1.278248	79.978000	65.110000	
0.007441	0.678712	1.273983	80.314000	64.620000	
0.007032	0.672323	1.261194	80.626000	64.800000	
0.006634	0.663824	1.237599	80.698000	65.520000	
0.006247	0.658183	1.264720	81.074000	65.030000	
0.005870	0.646857	1.254845	81.354000	65.100000	
0.005504	0.640178	1.253151	81.644000	65.240000	
0.005150	0.635150	1.235605	81.734000	66.160000	
0.004807	0.628687	1.224116	81.904000	65.610000	
0.004475	0.621704	1.221974	82.118000	66.490000	
0.004154	0.614873	1.228588	82.350000	66.050000	
0.003845	0.606961	1.206629	82.938000	66.510000	
0.003547	0.604031	1.187892	82.660000	66.790000	
0.003261	0.593685	1.203978	83.148000	66.400000	
0.002986	0.588290	1.204201	83.238000	66.690000	
0.002724	0.579214	1.191781	83.642000	66.480000	
0.002473	0.575932	1.176381	83.834000	67.310000	
0.002233	0.573923	1.185716	83.674000	67.170000	
0.002006	0.568489	1.182181	84.012000	66.890000	
0.001791	0.563358	1.160596	84.216000	67.220000	
0.001588	0.555943	1.172174	84.482000	67.180000	
0.001396	0.553057	1.162051	84.648000	67.510000	
0.001217	0.547581	1.156515	84.738000	67.390000	
0.001050	0.543630	1.159317	84.856000	67.490000	
0.000896	0.543273	1.159839	85.038000	67.410000	
0.000753	0.540987	1.154244	84.994000	67.520000	
0.000623	0.537697	1.155011	85.116000	67.590000	
0.000505	0.534640	1.156988	85.326000	67.620000	
0.000399	0.532181	1.153398	85.234000	67.460000	
0.000306	0.528296	1.152494	85.582000	67.590000	
0.000225	0.531312	1.151398	85.350000	67.520000	
0.000157	0.524477	1.153229	85.484000	67.410000	
0.000101	0.524721	1.151427	85.612000	67.690000	
0.000057	0.521834	1.154406	85.730000	67.730000	
0.000026	0.524766	1.150821	85.598000	67.620000	
0.000007	0.523532	1.149371	85.704000	67.600000	
