Learning Rate	Train Loss	Valid Loss	Train Acc.	Valid Acc.	
0.000001	4.644519	4.633175	1.092000	1.080000	
0.050000	4.272353	4.092404	4.596000	6.990000	
0.099994	3.802028	3.667633	10.200000	12.450000	
0.099975	3.444905	3.422805	15.982000	16.730000	
0.099944	3.112812	3.051438	21.692000	22.540000	
0.099900	2.865047	2.753668	26.488000	28.070000	
0.099844	2.667544	2.807969	30.460000	28.370000	
0.099776	2.508592	2.584548	33.596000	32.970000	
0.099695	2.380050	2.628670	36.780000	31.770000	
0.099602	2.287909	2.578646	38.718000	33.260000	
0.099496	2.212306	2.267518	40.108000	39.180000	
0.099378	2.131608	2.349498	42.152000	37.330000	
0.099248	2.074715	2.262653	43.170000	40.140000	
0.099105	2.020385	2.177273	44.690000	41.460000	
0.098951	1.971792	2.477008	46.006000	35.780000	
0.098784	1.936678	2.790974	46.542000	32.260000	
0.098605	1.892514	2.240117	47.696000	40.540000	
0.098413	1.877195	2.224372	48.178000	41.070000	
0.098210	1.856373	2.190006	48.432000	41.300000	
0.097995	1.817108	2.305983	49.308000	39.850000	
0.097768	1.799080	2.055553	50.188000	44.090000	
0.097528	1.780937	2.034997	50.450000	45.830000	
0.097277	1.758298	2.167940	50.994000	43.440000	
0.097015	1.740190	2.000681	51.438000	45.330000	
0.096740	1.731793	2.101813	51.836000	43.270000	
0.096454	1.711978	2.078397	52.386000	44.730000	
0.096156	1.706257	2.262417	52.372000	42.190000	
0.095847	1.678203	2.200567	53.148000	42.570000	
0.095526	1.667261	2.028623	53.362000	45.750000	
0.095194	1.666192	1.958776	53.300000	46.780000	
0.094851	1.651165	2.018499	53.852000	45.490000	
0.094497	1.650848	1.902507	53.750000	46.880000	
0.094131	1.626140	1.916616	54.276000	47.570000	
0.093754	1.618167	1.978811	54.614000	46.690000	
0.093367	1.613615	1.992930	54.718000	45.820000	
0.092969	1.609334	1.962800	54.836000	46.380000	
0.092560	1.603736	1.833606	54.916000	49.730000	
0.092140	1.588850	1.841641	55.304000	48.900000	
0.091710	1.581971	1.934104	55.430000	47.700000	
0.091270	1.577039	2.078817	55.566000	45.030000	
0.090819	1.576111	1.956242	55.908000	46.500000	
0.090358	1.563878	1.969443	55.812000	47.160000	
0.089887	1.559270	1.952414	56.008000	47.720000	
0.089406	1.554404	1.969826	56.378000	46.940000	
0.088915	1.547151	1.975019	56.506000	46.670000	
0.088415	1.544439	1.789548	56.482000	50.670000	
0.087905	1.540696	1.889632	56.650000	47.640000	
0.087385	1.524662	1.829751	57.102000	49.190000	
0.086857	1.517410	1.754723	57.192000	50.660000	
0.086319	1.521266	1.845012	56.994000	49.490000	
0.085772	1.518373	2.441155	57.192000	40.840000	
0.085216	1.508373	1.776843	57.196000	51.770000	
0.084651	1.500854	1.818674	57.692000	49.730000	
0.084078	1.499114	1.810906	57.624000	50.920000	
0.083496	1.494918	1.865586	57.924000	48.350000	
0.082906	1.487494	1.827459	57.970000	49.720000	
0.082307	1.483402	1.790104	58.148000	50.570000	
0.081701	1.477187	1.935030	58.150000	47.400000	
0.081086	1.479488	1.817477	58.324000	50.000000	
0.080464	1.465588	2.028911	58.664000	46.560000	
0.079835	1.472329	1.804441	58.456000	50.320000	
0.079198	1.472914	2.000339	58.438000	46.210000	
0.078553	1.454063	1.875896	58.820000	49.090000	
0.077902	1.452437	1.880157	58.760000	50.070000	
0.077243	1.457565	1.807736	58.756000	51.000000	
0.076578	1.448405	1.761944	58.832000	51.000000	
0.075906	1.432448	1.914598	59.286000	48.990000	
0.075228	1.432196	1.774679	59.594000	51.170000	
0.074543	1.429896	1.839290	59.384000	50.390000	
0.073852	1.438375	1.918836	59.196000	49.050000	
0.073156	1.423535	2.116803	59.426000	45.140000	
0.072453	1.423370	2.175018	59.738000	45.250000	
0.071745	1.413300	1.744677	59.926000	51.720000	
0.071032	1.408187	1.673119	59.908000	53.490000	
0.070313	1.402378	1.647368	60.366000	53.980000	
0.069589	1.402613	1.800672	60.222000	50.810000	
0.068861	1.398404	2.072729	60.306000	47.150000	
0.068127	1.393732	1.889896	60.560000	49.230000	
0.067389	1.379920	1.687776	60.934000	52.940000	
0.066647	1.390634	1.721600	60.536000	51.950000	
0.065901	1.380650	1.609963	60.506000	55.020000	
0.065151	1.373013	1.702511	60.692000	52.380000	
0.064397	1.373465	1.899930	60.982000	48.800000	
0.063639	1.367241	1.738694	61.084000	51.810000	
0.062878	1.360974	1.738964	61.200000	52.310000	
0.062113	1.350899	1.624785	61.544000	54.810000	
0.061346	1.358080	1.685486	61.242000	52.570000	
0.060576	1.351735	1.634364	61.548000	54.160000	
0.059803	1.345007	1.683031	61.620000	52.910000	
0.059028	1.333631	1.754202	62.246000	52.350000	
0.058251	1.335917	1.687734	61.994000	53.690000	
0.057471	1.329173	1.616458	62.062000	55.090000	
0.056690	1.330079	1.623201	62.206000	54.730000	
0.055907	1.323267	1.702912	62.200000	53.580000	
0.055122	1.319980	1.645374	62.530000	54.610000	
0.054336	1.313699	1.809358	62.772000	50.730000	
0.053550	1.306964	1.722763	62.744000	52.500000	
0.052762	1.305768	1.557708	62.698000	56.020000	
0.051973	1.292193	1.640515	63.224000	54.090000	
0.051184	1.289588	1.813381	63.244000	51.530000	
0.050395	1.292624	1.696463	63.286000	53.370000	
0.049606	1.283987	1.864843	63.422000	49.810000	
0.048817	1.288561	1.706401	63.154000	52.790000	
0.048028	1.282085	1.727868	63.438000	52.770000	
0.047239	1.270242	1.758389	63.740000	51.960000	
0.046451	1.267324	1.590164	63.852000	56.300000	
0.045665	1.259554	1.564911	63.850000	55.790000	
0.044879	1.247708	1.499875	64.138000	57.710000	
0.044094	1.247171	1.478712	64.106000	58.070000	
0.043311	1.245523	1.603371	64.410000	55.790000	
0.042530	1.240622	1.647158	64.424000	54.460000	
0.041750	1.234746	1.533291	64.720000	56.750000	
0.040973	1.227921	1.663825	64.810000	54.560000	
0.040198	1.224879	1.559737	64.888000	56.740000	
0.039425	1.218414	1.532555	65.112000	57.060000	
0.038655	1.223155	1.506225	64.888000	57.150000	
0.037888	1.206960	1.492271	65.606000	58.410000	
0.037123	1.207236	1.538144	65.408000	57.040000	
0.036362	1.198719	1.511024	65.612000	56.960000	
0.035604	1.197216	1.646745	65.850000	54.800000	
0.034850	1.185996	1.515486	66.014000	57.430000	
0.034100	1.187104	1.591508	66.004000	55.080000	
0.033354	1.172894	1.569163	66.398000	56.020000	
0.032612	1.166507	1.514071	66.450000	58.020000	
0.031874	1.166003	1.539104	66.640000	57.140000	
0.031140	1.161642	1.485462	66.566000	57.890000	
0.030412	1.150548	1.656898	66.960000	54.980000	
0.029688	1.150122	1.570739	66.946000	56.780000	
0.028969	1.133841	1.552023	67.416000	57.330000	
0.028256	1.141186	1.559670	67.318000	56.900000	
0.027548	1.132206	1.547208	67.452000	56.970000	
0.026845	1.131500	1.586902	67.500000	56.270000	
0.026149	1.120846	1.598917	67.920000	55.880000	
0.025458	1.110073	1.446375	68.102000	59.340000	
0.024773	1.110643	1.430506	68.178000	59.660000	
0.024095	1.105859	1.527237	68.158000	57.770000	
0.023423	1.090996	1.413753	68.490000	59.980000	
0.022758	1.090075	1.464039	68.634000	58.720000	
0.022099	1.085404	1.401986	68.882000	60.230000	
0.021448	1.074464	1.484016	69.130000	58.480000	
0.020803	1.070334	1.396352	69.228000	60.200000	
0.020166	1.065661	1.412514	69.452000	59.820000	
0.019537	1.056024	1.441260	69.582000	59.820000	
0.018915	1.047649	1.523617	69.860000	57.770000	
0.018300	1.042770	1.402056	70.224000	60.290000	
0.017694	1.031651	1.411636	70.444000	59.880000	
0.017095	1.028368	1.394210	70.514000	60.580000	
0.016505	1.023722	1.363476	70.708000	61.420000	
0.015923	1.021534	1.384888	70.574000	60.720000	
0.015350	1.013498	1.333745	70.784000	61.720000	
0.014785	1.001637	1.385920	71.242000	59.980000	
0.014229	0.995863	1.410054	71.214000	60.100000	
0.013682	0.988727	1.333032	71.492000	62.200000	
0.013144	0.979616	1.333843	71.928000	61.590000	
0.012616	0.975539	1.358977	71.994000	61.920000	
0.012096	0.967059	1.303979	72.304000	62.800000	
0.011586	0.960075	1.362992	72.520000	61.360000	
0.011086	0.957622	1.278326	72.466000	63.230000	
0.010595	0.946488	1.312102	72.810000	62.610000	
0.010114	0.939179	1.303004	72.904000	62.670000	
0.009643	0.933785	1.301038	73.194000	62.980000	
0.009182	0.925762	1.284688	73.372000	63.660000	
0.008731	0.916242	1.290390	73.862000	63.100000	
0.008291	0.911667	1.286665	73.948000	63.810000	
0.007861	0.905321	1.269203	73.758000	63.560000	
0.007441	0.897895	1.271451	74.138000	64.220000	
0.007032	0.888578	1.249125	74.574000	64.310000	
0.006634	0.880760	1.233159	74.856000	64.490000	
0.006247	0.874563	1.265191	74.948000	63.880000	
0.005870	0.872457	1.227169	75.050000	64.760000	
0.005504	0.869109	1.297770	75.162000	63.180000	
0.005150	0.855846	1.257772	75.506000	63.910000	
0.004807	0.850683	1.222510	75.880000	65.050000	
0.004475	0.842406	1.223187	76.012000	65.330000	
0.004154	0.838194	1.217730	75.934000	65.330000	
0.003845	0.831716	1.216274	76.316000	65.490000	
0.003547	0.824195	1.236553	76.546000	64.900000	
0.003261	0.818584	1.204657	76.830000	65.650000	
0.002986	0.812142	1.205467	77.108000	65.480000	
0.002724	0.805179	1.201710	77.242000	65.500000	
0.002473	0.800529	1.208257	77.316000	65.750000	
0.002233	0.794314	1.192301	77.268000	65.650000	
0.002006	0.791151	1.187496	77.618000	65.710000	
0.001791	0.788066	1.190677	77.800000	65.780000	
0.001588	0.782561	1.180947	77.872000	66.280000	
0.001396	0.775818	1.186852	78.156000	66.210000	
0.001217	0.774944	1.184312	78.058000	65.920000	
0.001050	0.769043	1.176434	78.368000	66.540000	
0.000896	0.765377	1.183845	78.632000	66.200000	
0.000753	0.758841	1.176903	78.796000	66.320000	
0.000623	0.762470	1.174584	78.498000	66.430000	
0.000505	0.761104	1.174640	78.748000	66.510000	
0.000399	0.759872	1.175632	78.740000	66.240000	
0.000306	0.755604	1.175704	78.804000	66.370000	
0.000225	0.753184	1.175348	78.710000	66.260000	
0.000157	0.750718	1.173567	78.966000	66.330000	
0.000101	0.749698	1.175844	79.060000	66.300000	
0.000057	0.750329	1.175182	79.010000	66.300000	
0.000026	0.749326	1.173879	79.220000	66.380000	
0.000007	0.748553	1.174517	78.996000	66.370000	
