Learning Rate	Train Loss	Valid Loss	Train Acc.	Valid Acc.	
0.000001	4.758615	4.733404	0.968000	0.970000	
0.000096	4.738364	4.703763	0.898000	1.010000	
0.000380	4.674459	4.638896	1.052000	0.990000	
0.000852	4.595806	4.556593	1.774000	2.160000	
0.001511	4.485135	4.410997	3.120000	3.830000	
0.002354	4.324057	4.212617	4.548000	5.360000	
0.003377	4.142102	4.055708	6.334000	7.690000	
0.004578	3.985795	3.906168	8.864000	9.280000	
0.005950	3.823353	3.717692	10.944000	11.930000	
0.007490	3.681035	3.631823	12.618000	14.160000	
0.009191	3.565774	3.495236	14.548000	16.250000	
0.011047	3.452543	3.420707	16.636000	17.650000	
0.013050	3.300517	3.370051	18.960000	17.750000	
0.015194	3.142127	3.293445	21.984000	19.290000	
0.017470	2.978391	3.275978	24.832000	21.080000	
0.019869	2.848812	2.960435	27.234000	25.630000	
0.022383	2.727638	3.008365	29.678000	25.660000	
0.025001	2.614247	2.760816	31.692000	29.500000	
0.027714	2.522515	2.809339	33.730000	28.980000	
0.030511	2.414683	2.541243	35.806000	34.490000	
0.033383	2.323996	2.690585	38.068000	31.930000	
0.036317	2.245485	2.499690	39.610000	35.860000	
0.039304	2.173301	2.503834	41.234000	36.060000	
0.042331	2.095555	2.582186	42.988000	36.090000	
0.045387	2.043061	2.442838	44.102000	36.700000	
0.048461	1.999461	2.390412	45.194000	39.620000	
0.051540	1.949571	2.292266	46.308000	40.380000	
0.054614	1.900674	2.232527	47.632000	42.060000	
0.057670	1.867571	2.230488	48.348000	41.670000	
0.060697	1.830473	2.255116	49.094000	41.050000	
0.063684	1.802195	2.842450	49.924000	35.280000	
0.066618	1.776570	2.524677	50.646000	38.260000	
0.069490	1.756021	2.616842	50.946000	36.060000	
0.072287	1.734439	2.494078	51.342000	39.920000	
0.075000	1.712243	2.141792	51.860000	44.240000	
0.077618	1.704033	2.524795	52.102000	38.920000	
0.080132	1.679504	2.263752	52.800000	41.190000	
0.082531	1.662278	2.223576	53.344000	42.850000	
0.084807	1.635846	2.073175	53.788000	44.000000	
0.086951	1.633983	2.544970	53.918000	39.330000	
0.088954	1.607970	2.400465	54.632000	41.020000	
0.090810	1.610273	2.394850	54.426000	40.990000	
0.092511	1.606879	2.143724	54.748000	44.570000	
0.094051	1.597009	2.109871	54.784000	45.200000	
0.095423	1.596085	2.266895	54.776000	42.700000	
0.096624	1.585559	2.466829	55.100000	41.080000	
0.097647	1.571141	2.569561	55.600000	41.460000	
0.098490	1.556651	2.627737	55.898000	39.740000	
0.099149	1.550329	2.335621	55.958000	43.180000	
0.099621	1.545699	2.193713	56.158000	44.630000	
0.099905	1.529412	2.148586	56.394000	45.120000	
0.099989	1.528779	2.328839	56.628000	43.690000	
0.099956	1.517265	2.095667	57.024000	45.550000	
0.099901	1.514711	2.981885	56.892000	34.320000	
0.099825	1.507787	2.559595	57.060000	40.660000	
0.099726	1.491652	2.467386	57.624000	38.100000	
0.099606	1.491254	2.162142	57.486000	44.560000	
0.099464	1.493868	2.480742	57.720000	41.650000	
0.099300	1.477035	2.470752	58.276000	41.400000	
0.099114	1.469431	2.269939	57.934000	41.880000	
0.098907	1.453093	2.086217	58.350000	45.940000	
0.098679	1.470442	2.488657	58.166000	41.470000	
0.098429	1.448817	2.154021	58.618000	45.930000	
0.098158	1.442671	2.655082	58.442000	39.820000	
0.097866	1.436672	2.109026	58.816000	46.500000	
0.097553	1.427328	2.697675	59.228000	39.160000	
0.097219	1.436932	2.194987	58.842000	45.940000	
0.096864	1.421146	2.388500	59.242000	43.390000	
0.096489	1.424743	1.836681	59.156000	51.330000	
0.096093	1.409805	2.036951	59.694000	46.700000	
0.095677	1.409789	1.884334	59.590000	50.010000	
0.095241	1.411332	2.244449	59.414000	45.560000	
0.094786	1.399416	1.963603	59.888000	49.100000	
0.094310	1.401487	2.092021	59.886000	47.100000	
0.093815	1.394687	2.570042	60.026000	38.520000	
0.093301	1.390610	2.038317	60.094000	46.940000	
0.092768	1.377393	2.127988	60.562000	47.290000	
0.092216	1.372469	2.029854	60.626000	48.370000	
0.091646	1.377490	2.827703	60.448000	38.950000	
0.091058	1.373945	2.208450	60.478000	44.250000	
0.090451	1.372635	2.123978	60.626000	47.060000	
0.089827	1.348030	1.943121	61.240000	48.110000	
0.089185	1.344941	2.182254	61.460000	45.240000	
0.088526	1.348714	2.141055	61.158000	47.850000	
0.087850	1.348238	1.822083	61.096000	51.470000	
0.087157	1.337505	2.026705	61.754000	47.530000	
0.086449	1.331732	2.250760	61.550000	44.070000	
0.085724	1.326284	2.228670	61.804000	46.440000	
0.084983	1.314840	1.913958	62.044000	49.990000	
0.084228	1.319738	2.396818	62.060000	44.520000	
0.083457	1.314751	2.070070	62.172000	48.130000	
0.082671	1.312006	2.163480	62.078000	46.340000	
0.081871	1.300481	2.111857	62.332000	48.490000	
0.081058	1.290444	2.050866	62.270000	46.740000	
0.080230	1.289260	2.040730	62.752000	48.780000	
0.079389	1.271315	2.222729	63.186000	45.850000	
0.078536	1.287588	1.844019	62.762000	51.090000	
0.077670	1.280569	1.937335	63.048000	49.140000	
0.076792	1.271223	2.066163	63.276000	49.490000	
0.075902	1.262778	1.869130	63.424000	51.040000	
0.075000	1.256216	2.248915	63.700000	45.310000	
0.074088	1.259653	1.801350	63.382000	52.360000	
0.073165	1.251071	2.081229	63.520000	48.660000	
0.072232	1.242281	1.983289	63.922000	49.180000	
0.071289	1.233750	2.095872	64.498000	47.300000	
0.070337	1.234161	2.186442	64.194000	47.140000	
0.069376	1.226563	1.920534	64.428000	50.710000	
0.068407	1.215021	1.857338	64.786000	51.480000	
0.067429	1.221638	1.922988	64.460000	49.870000	
0.066444	1.211038	1.884135	65.072000	51.560000	
0.065451	1.204971	1.903876	64.760000	50.620000	
0.064452	1.199663	2.082613	64.902000	48.640000	
0.063446	1.186181	1.853035	65.488000	51.630000	
0.062435	1.179581	2.046998	65.502000	49.580000	
0.061418	1.176386	1.889986	65.774000	51.020000	
0.060396	1.175582	2.149109	65.824000	46.810000	
0.059369	1.169786	1.778745	66.106000	53.860000	
0.058339	1.157636	1.867969	66.336000	52.720000	
0.057305	1.148007	1.838415	66.586000	53.430000	
0.056267	1.141221	1.855168	66.570000	52.830000	
0.055227	1.141758	1.809972	66.652000	53.000000	
0.054184	1.127838	1.592025	67.062000	55.980000	
0.053140	1.129879	1.818759	67.126000	52.380000	
0.052094	1.119143	1.696053	67.348000	54.620000	
0.051048	1.108990	1.601824	67.520000	56.910000	
0.050001	1.110758	1.789051	67.570000	53.800000	
0.048953	1.097948	1.548816	68.010000	56.800000	
0.047907	1.096871	1.577842	67.932000	56.810000	
0.046861	1.082861	1.755286	68.228000	53.500000	
0.045817	1.075971	1.945262	68.526000	51.690000	
0.044774	1.065696	1.631069	68.946000	56.710000	
0.043734	1.066503	1.782581	68.534000	53.980000	
0.042696	1.056306	1.582482	69.026000	57.160000	
0.041662	1.041672	1.831189	69.246000	53.160000	
0.040632	1.038417	1.466868	69.404000	59.260000	
0.039605	1.030649	1.727671	69.922000	55.190000	
0.038583	1.023469	2.158864	69.964000	50.380000	
0.037566	1.025717	1.465174	69.668000	59.680000	
0.036555	1.007600	1.560864	70.526000	57.580000	
0.035549	0.995466	1.692370	70.572000	54.740000	
0.034550	0.997238	1.715441	70.582000	55.130000	
0.033557	0.977140	1.601774	71.120000	57.090000	
0.032572	0.967621	1.962526	71.556000	50.960000	
0.031594	0.972141	1.529568	71.544000	58.020000	
0.030625	0.957280	1.723825	71.676000	54.910000	
0.029664	0.949187	1.698081	72.010000	55.460000	
0.028712	0.941399	1.589800	72.318000	57.920000	
0.027769	0.934978	1.536224	72.520000	57.990000	
0.026836	0.920796	1.487335	72.924000	59.480000	
0.025913	0.914487	1.528195	73.150000	58.930000	
0.025001	0.909572	1.446211	73.256000	60.750000	
0.024099	0.894703	1.480209	73.422000	60.240000	
0.023209	0.891691	1.606386	73.764000	58.300000	
0.022331	0.884075	1.516306	73.980000	60.000000	
0.021465	0.872802	1.476336	74.136000	59.810000	
0.020612	0.862805	1.465697	74.542000	60.000000	
0.019771	0.848147	1.419831	75.102000	61.700000	
0.018943	0.843607	1.444589	75.176000	61.360000	
0.018130	0.827855	1.452926	75.486000	60.500000	
0.017330	0.823225	1.366925	75.874000	62.630000	
0.016544	0.810372	1.360429	76.168000	62.810000	
0.015773	0.805147	1.374096	76.240000	62.350000	
0.015018	0.793116	1.431059	76.732000	61.200000	
0.014277	0.781414	1.327082	76.942000	63.300000	
0.013552	0.772654	1.359917	77.298000	62.620000	
0.012844	0.762350	1.290084	77.730000	63.970000	
0.012151	0.752890	1.328551	77.944000	63.740000	
0.011475	0.745421	1.378523	78.188000	62.830000	
0.010816	0.736360	1.391018	78.442000	62.640000	
0.010174	0.720784	1.331387	78.952000	64.100000	
0.009550	0.708035	1.297106	79.444000	64.310000	
0.008943	0.701045	1.297882	79.448000	64.220000	
0.008355	0.694817	1.296053	79.918000	64.080000	
0.007785	0.684623	1.303397	80.186000	65.160000	
0.007233	0.678619	1.295176	80.310000	64.800000	
0.006700	0.665010	1.317242	80.780000	64.510000	
0.006186	0.656287	1.218564	80.876000	66.710000	
0.005691	0.646694	1.250767	81.294000	65.470000	
0.005215	0.638779	1.220796	81.662000	66.160000	
0.004760	0.628834	1.215431	82.062000	66.300000	
0.004324	0.621736	1.200074	82.398000	66.690000	
0.003908	0.610808	1.201192	82.674000	66.920000	
0.003512	0.604234	1.201078	82.716000	66.820000	
0.003137	0.600160	1.195118	82.816000	66.890000	
0.002782	0.589277	1.173265	83.178000	67.040000	
0.002448	0.583184	1.189020	83.496000	67.060000	
0.002135	0.581226	1.176201	83.602000	67.200000	
0.001843	0.572613	1.164553	83.996000	67.420000	
0.001572	0.566383	1.166657	84.214000	67.500000	
0.001322	0.562154	1.164247	84.346000	67.610000	
0.001094	0.555080	1.162231	84.470000	67.660000	
0.000887	0.553296	1.154833	84.544000	67.940000	
0.000701	0.547963	1.154801	84.798000	67.520000	
0.000537	0.545260	1.153863	84.946000	67.800000	
0.000395	0.546880	1.152235	84.790000	67.850000	
0.000275	0.540100	1.149513	85.258000	67.820000	
0.000176	0.537244	1.150490	84.972000	67.940000	
0.000100	0.540983	1.151138	85.140000	67.900000	
0.000045	0.539414	1.153277	85.160000	67.910000	
0.000012	0.531397	1.153442	85.390000	67.960000	
