Learning Rate	Train Loss	Valid Loss	Train Acc.	Valid Acc.	
0.000001	4.815131	4.794913	0.962000	0.980000	
0.050000	4.161113	4.162030	5.954000	7.880000	
0.099994	3.870192	4.887039	9.244000	5.000000	
0.099975	3.506304	3.965189	15.152000	12.590000	
0.099944	3.180008	4.078187	20.634000	12.210000	
0.099900	2.985356	3.790747	24.384000	18.390000	
0.099844	2.799984	3.324656	28.204000	22.550000	
0.099776	2.684780	2.878819	30.488000	27.810000	
0.099695	2.585459	2.891484	32.462000	28.430000	
0.099602	2.509367	2.814093	34.056000	29.030000	
0.099496	2.442625	3.150120	35.654000	25.130000	
0.099378	2.396237	2.722826	36.562000	31.800000	
0.099248	2.364380	2.558482	37.324000	34.390000	
0.099105	2.314021	2.889516	38.620000	30.710000	
0.098951	2.291901	2.728292	38.496000	33.250000	
0.098784	2.267855	2.550610	39.394000	35.480000	
0.098605	2.241164	2.517607	40.064000	35.640000	
0.098413	2.229249	2.605824	40.306000	35.050000	
0.098210	2.210790	2.438532	40.866000	36.610000	
0.097995	2.197870	2.442899	40.910000	37.120000	
0.097768	2.187717	2.682885	41.376000	35.160000	
0.097528	2.168948	2.310799	41.892000	40.070000	
0.097277	2.155011	2.566069	42.046000	36.570000	
0.097015	2.146282	2.662712	42.452000	35.190000	
0.096740	2.137090	2.352137	42.902000	39.430000	
0.096454	2.130843	2.404804	42.818000	37.670000	
0.096156	2.128051	2.223712	42.940000	41.500000	
0.095847	2.118228	2.291653	43.158000	40.070000	
0.095526	2.116072	2.426529	43.190000	37.730000	
0.095194	2.101479	2.515733	43.512000	36.920000	
0.094851	2.099285	2.315786	43.520000	39.830000	
0.094497	2.094130	2.352947	43.614000	39.090000	
0.094131	2.094722	2.342047	43.650000	38.620000	
0.093754	2.083072	2.269522	43.710000	41.110000	
0.093367	2.080569	2.284280	43.966000	40.630000	
0.092969	2.073073	2.194396	44.204000	42.090000	
0.092560	2.077585	2.248384	43.942000	41.520000	
0.092140	2.075836	2.315974	44.100000	40.420000	
0.091710	2.068160	2.251318	44.262000	40.910000	
0.091270	2.058740	2.337606	44.580000	40.490000	
0.090819	2.063084	2.378778	44.506000	39.020000	
0.090358	2.061881	2.254855	44.124000	41.340000	
0.089887	2.058603	2.169049	44.510000	42.680000	
0.089406	2.059033	2.377678	44.604000	38.420000	
0.088915	2.051010	2.224730	44.742000	42.210000	
0.088415	2.047937	2.241400	44.862000	41.590000	
0.087905	2.045214	2.332180	44.644000	40.190000	
0.087385	2.046922	2.269496	44.746000	41.150000	
0.086857	2.046496	2.237081	44.586000	41.450000	
0.086319	2.045191	2.179115	44.936000	42.500000	
0.085772	2.041059	2.191659	44.940000	43.170000	
0.085216	2.042611	2.351962	44.864000	39.670000	
0.084651	2.029912	2.310588	45.642000	40.480000	
0.084078	2.042935	2.316007	45.006000	40.410000	
0.083496	2.034133	2.273941	45.060000	40.910000	
0.082906	2.038037	2.276244	45.006000	40.940000	
0.082307	2.031081	2.269604	45.504000	41.490000	
0.081701	2.036841	2.209108	45.244000	41.860000	
0.081086	2.028632	2.366985	45.556000	39.770000	
0.080464	2.031344	2.263738	45.450000	41.200000	
0.079835	2.026459	2.193325	45.234000	42.860000	
0.079198	2.027092	2.238918	45.416000	41.420000	
0.078553	2.027832	2.203318	45.300000	41.930000	
0.077902	2.031121	2.188482	45.308000	42.790000	
0.077243	2.022354	2.160225	45.582000	43.290000	
0.076578	2.021185	2.251632	45.512000	41.960000	
0.075906	2.019711	2.249921	45.572000	41.670000	
0.075228	2.024699	2.196911	45.642000	42.860000	
0.074543	2.022690	2.410225	45.612000	39.770000	
0.073852	2.021036	2.267611	45.530000	41.030000	
0.073156	2.020901	2.174753	45.610000	42.240000	
0.072453	2.019855	2.178509	45.718000	42.680000	
0.071745	2.017580	2.168098	45.632000	43.140000	
0.071032	2.018956	2.199646	45.718000	42.450000	
0.070313	2.024313	2.193786	45.502000	42.540000	
0.069589	2.021737	2.139997	45.768000	43.460000	
0.068861	2.017865	2.235674	45.610000	42.150000	
0.068127	2.020331	2.227730	45.638000	41.290000	
0.067389	2.024330	2.175728	45.664000	42.690000	
0.066647	2.017186	2.138089	45.882000	43.820000	
0.065901	2.014152	2.170844	45.654000	43.160000	
0.065151	2.012520	2.224720	45.924000	41.840000	
0.064397	2.014855	2.201709	46.042000	41.820000	
0.063639	2.018611	2.198221	45.660000	42.560000	
0.062878	2.015609	2.210044	45.984000	42.420000	
0.062113	2.017308	2.197608	45.846000	42.850000	
0.061346	2.017649	2.170131	45.878000	43.210000	
0.060576	2.009313	2.107161	46.120000	44.310000	
0.059803	2.019306	2.112255	45.646000	43.620000	
0.059028	2.015346	2.193543	45.888000	42.740000	
0.058251	2.012850	2.173415	45.862000	42.490000	
0.057471	2.015515	2.149863	45.974000	43.770000	
0.056690	2.024014	2.084403	45.650000	44.280000	
0.055907	2.016385	2.145266	45.808000	43.750000	
0.055122	2.015377	2.203879	46.098000	42.830000	
0.054336	2.014021	2.126771	45.860000	44.010000	
0.053550	2.013580	2.099236	46.134000	44.540000	
0.052762	2.016572	2.149004	45.732000	43.710000	
0.051973	2.013316	2.098031	45.950000	44.460000	
0.051184	2.017712	2.109421	46.106000	44.150000	
0.050395	2.018536	2.089627	45.952000	44.280000	
0.049606	2.014827	2.107065	46.116000	44.060000	
0.048817	2.013898	2.239599	45.968000	41.880000	
0.048028	2.019750	2.126429	46.014000	43.580000	
0.047239	2.017208	2.117873	46.010000	44.120000	
0.046451	2.020205	2.167312	46.008000	42.770000	
0.045665	2.019365	2.164294	45.930000	43.270000	
0.044879	2.019450	2.146965	46.082000	43.810000	
0.044094	2.019095	2.126870	46.164000	43.770000	
0.043311	2.016787	2.166327	46.024000	43.000000	
0.042530	2.020386	2.101756	45.936000	44.400000	
0.041750	2.024588	2.112752	46.124000	43.870000	
0.040973	2.020659	2.158665	46.014000	43.040000	
0.040198	2.022281	2.161594	45.974000	43.720000	
0.039425	2.016992	2.111906	46.326000	44.260000	
0.038655	2.019858	2.166140	46.280000	43.130000	
0.037888	2.023243	2.133054	45.884000	43.710000	
0.037123	2.026169	2.154544	45.868000	43.200000	
0.036362	2.023818	2.114473	46.118000	43.980000	
0.035604	2.021971	2.090087	46.106000	44.360000	
0.034850	2.021335	2.108030	46.200000	43.800000	
0.034100	2.023290	2.102618	45.936000	44.030000	
0.033354	2.030450	2.151146	45.880000	43.330000	
0.032612	2.024562	2.097516	45.978000	44.600000	
0.031874	2.025412	2.109622	46.240000	44.000000	
0.031140	2.030962	2.118299	45.950000	43.870000	
0.030412	2.026354	2.118812	46.260000	43.770000	
0.029688	2.028296	2.150296	46.066000	43.430000	
0.028969	2.030223	2.108877	46.022000	44.420000	
0.028256	2.032250	2.096491	45.996000	44.240000	
0.027548	2.028358	2.092862	46.070000	44.760000	
0.026845	2.031592	2.126943	46.132000	44.050000	
0.026149	2.028576	2.115057	46.122000	43.940000	
0.025458	2.029982	2.106917	45.822000	43.910000	
0.024773	2.030672	2.125426	46.246000	44.020000	
0.024095	2.032532	2.133685	45.994000	43.930000	
0.023423	2.034119	2.101727	45.788000	44.530000	
0.022758	2.034330	2.125036	45.984000	44.020000	
0.022099	2.031329	2.107693	46.056000	44.470000	
0.021448	2.030672	2.087271	46.052000	44.340000	
0.020803	2.035757	2.106676	46.160000	44.360000	
0.020166	2.032896	2.089598	46.130000	44.680000	
0.019537	2.031949	2.109237	46.044000	44.350000	
0.018915	2.034266	2.096020	46.058000	44.550000	
0.018300	2.032930	2.101260	45.996000	44.170000	
0.017694	2.036051	2.122963	46.218000	44.360000	
0.017095	2.035219	2.078496	46.044000	45.060000	
0.016505	2.035185	2.086779	46.232000	44.730000	
0.015923	2.038838	2.097972	46.030000	44.330000	
0.015350	2.040424	2.081809	46.068000	44.970000	
0.014785	2.032954	2.086123	46.128000	44.910000	
0.014229	2.037239	2.096379	46.166000	44.550000	
0.013682	2.036046	2.090290	46.182000	44.760000	
0.013144	2.037915	2.095091	45.918000	44.730000	
0.012616	2.038645	2.109510	46.076000	44.520000	
0.012096	2.037245	2.092384	46.292000	44.830000	
0.011586	2.035840	2.098459	46.174000	44.350000	
0.011086	2.035983	2.096859	46.100000	44.610000	
0.010595	2.035447	2.080871	46.076000	45.070000	
0.010114	2.037897	2.085364	46.296000	45.260000	
0.009643	2.036329	2.098469	46.160000	44.800000	
0.009182	2.037391	2.089266	45.992000	45.120000	
0.008731	2.038754	2.092680	46.138000	44.720000	
0.008291	2.040303	2.097814	46.192000	44.710000	
0.007861	2.041953	2.093394	46.086000	44.850000	
0.007441	2.039140	2.087946	46.302000	44.980000	
0.007032	2.037756	2.081671	46.156000	44.810000	
0.006634	2.039825	2.081755	46.064000	45.040000	
0.006247	2.035840	2.088912	46.310000	44.990000	
0.005870	2.037019	2.088630	46.428000	44.790000	
0.005504	2.035767	2.081461	46.370000	45.150000	
0.005150	2.038518	2.083342	46.346000	45.070000	
0.004807	2.038781	2.087266	46.196000	45.180000	
0.004475	2.040919	2.085695	46.220000	45.100000	
0.004154	2.034497	2.081584	46.194000	45.350000	
0.003845	2.037861	2.088319	46.234000	44.810000	
0.003547	2.039283	2.088499	46.136000	44.870000	
0.003261	2.037348	2.085499	46.480000	45.080000	
0.002986	2.040520	2.085195	46.040000	44.810000	
0.002724	2.035884	2.085948	46.412000	44.920000	
0.002473	2.034542	2.088253	46.316000	44.910000	
0.002233	2.038585	2.082193	46.252000	45.060000	
0.002006	2.037120	2.084193	46.212000	45.070000	
0.001791	2.034693	2.084360	46.430000	45.220000	
0.001588	2.039310	2.086733	46.106000	44.970000	
0.001396	2.035808	2.083546	46.346000	45.270000	
0.001217	2.037734	2.084605	46.368000	45.020000	
0.001050	2.037267	2.085965	46.334000	44.900000	
0.000896	2.032254	2.084585	46.658000	45.070000	
0.000753	2.034850	2.083574	46.458000	45.000000	
0.000623	2.030225	2.083252	46.650000	45.030000	
0.000505	2.033627	2.082025	46.398000	45.040000	
0.000399	2.031227	2.083627	46.516000	45.010000	
0.000306	2.034064	2.082749	46.450000	45.120000	
0.000225	2.034266	2.084762	46.240000	44.940000	
0.000157	2.031016	2.085319	46.488000	45.050000	
0.000101	2.033310	2.083764	46.526000	44.960000	
0.000057	2.036158	2.085784	46.344000	44.950000	
0.000026	2.037089	2.084677	46.474000	44.980000	
0.000007	2.032490	2.084906	46.504000	45.190000	
