Learning Rate	Train Loss	Valid Loss	Train Acc.	Valid Acc.	
0.000001	4.607817	4.607840	1.188000	1.230000	
0.050000	4.606723	4.604675	0.932000	1.190000	
0.099994	4.584534	4.529780	1.466000	1.790000	
0.099975	4.409035	4.154501	3.180000	5.330000	
0.099944	3.984164	3.822221	7.836000	10.070000	
0.099900	3.698323	3.579862	12.386000	14.620000	
0.099844	3.458110	3.373930	16.614000	18.180000	
0.099776	3.224928	3.170970	20.592000	22.040000	
0.099695	2.973808	2.936007	24.910000	26.440000	
0.099602	2.752461	2.741667	28.898000	29.610000	
0.099496	2.582348	2.683473	32.502000	32.000000	
0.099378	2.446530	2.552247	35.326000	35.140000	
0.099248	2.348818	2.372619	37.490000	37.170000	
0.099105	2.277640	2.507550	39.050000	36.710000	
0.098951	2.247342	2.251800	39.872000	40.430000	
0.098784	2.202037	2.322523	40.890000	40.020000	
0.098605	2.185955	2.364378	41.302000	38.520000	
0.098413	2.169821	2.213554	41.852000	42.130000	
0.098210	2.132670	2.166631	42.412000	42.600000	
0.097995	2.130514	2.495828	42.420000	37.630000	
0.097768	2.112299	2.300378	42.934000	40.170000	
0.097528	2.089392	2.468149	43.718000	39.040000	
0.097277	2.086165	2.353287	43.418000	40.470000	
0.097015	2.058963	2.211036	44.562000	42.360000	
0.096740	2.065077	2.192948	44.210000	43.930000	
0.096454	2.049692	2.190028	44.232000	42.960000	
0.096156	2.039155	2.202342	44.974000	43.060000	
0.095847	2.024286	2.357854	45.136000	41.430000	
0.095526	2.019325	2.136130	45.202000	43.890000	
0.095194	1.997429	2.348244	45.798000	41.870000	
0.094851	1.984589	2.052880	46.164000	45.030000	
0.094497	1.979407	2.116016	46.192000	43.930000	
0.094131	1.956799	2.115981	46.426000	43.340000	
0.093754	1.954571	2.148693	46.908000	43.230000	
0.093367	1.952337	2.234480	46.892000	44.520000	
0.092969	1.948674	2.031572	46.936000	45.940000	
0.092560	1.936859	2.167061	47.066000	43.890000	
0.092140	1.906918	2.081360	47.992000	44.680000	
0.091710	1.943473	2.210559	47.312000	43.540000	
0.091270	1.892833	1.945237	48.250000	47.470000	
0.090819	1.907007	2.193011	47.986000	43.450000	
0.090358	1.876796	2.122763	48.662000	45.010000	
0.089887	1.884201	2.025114	48.406000	46.170000	
0.089406	1.901723	2.112265	48.296000	45.890000	
0.088915	1.870700	1.947355	49.096000	46.810000	
0.088415	1.853070	2.083755	49.168000	45.310000	
0.087905	1.860185	2.121716	48.962000	45.740000	
0.087385	1.844633	2.066422	49.304000	46.090000	
0.086857	1.848400	2.121785	49.272000	44.260000	
0.086319	1.825011	1.924786	49.856000	49.140000	
0.085772	1.836132	1.939001	49.536000	47.900000	
0.085216	1.833830	2.000250	49.712000	47.670000	
0.084651	1.815048	2.072302	50.246000	45.990000	
0.084078	1.799729	2.005281	50.306000	47.840000	
0.083496	1.821115	1.973750	50.120000	47.840000	
0.082906	1.810688	1.951499	50.182000	48.340000	
0.082307	1.785294	1.866106	50.784000	49.500000	
0.081701	1.788556	1.980969	50.798000	48.220000	
0.081086	1.777369	1.970474	50.684000	48.430000	
0.080464	1.768098	1.974252	50.998000	47.930000	
0.079835	1.744277	2.032681	51.624000	47.320000	
0.079198	1.752498	1.886357	51.778000	49.810000	
0.078553	1.737734	2.018018	52.016000	47.550000	
0.077902	1.748927	1.947550	51.694000	48.040000	
0.077243	1.734802	2.016857	51.964000	48.850000	
0.076578	1.720746	1.832334	52.556000	50.750000	
0.075906	1.704563	1.828489	52.934000	50.450000	
0.075228	1.698045	1.987016	52.778000	49.300000	
0.074543	1.695973	2.040865	52.928000	46.500000	
0.073852	1.707598	1.897906	52.594000	50.120000	
0.073156	1.698679	1.823323	52.924000	51.180000	
0.072453	1.691654	1.752470	52.884000	51.590000	
0.071745	1.682514	1.879582	53.276000	50.750000	
0.071032	1.659371	1.880362	53.640000	49.550000	
0.070313	1.666121	1.956609	53.346000	49.720000	
0.069589	1.652087	1.825693	53.868000	51.260000	
0.068861	1.651289	2.021835	53.954000	48.740000	
0.068127	1.642056	1.842525	54.144000	51.630000	
0.067389	1.633813	1.860829	54.412000	50.480000	
0.066647	1.607538	1.841521	55.072000	51.150000	
0.065901	1.623823	1.838117	54.368000	53.080000	
0.065151	1.609526	1.731395	54.892000	52.820000	
0.064397	1.587256	1.795370	55.606000	52.840000	
0.063639	1.588618	1.818194	55.430000	51.630000	
0.062878	1.588584	1.819205	55.678000	52.850000	
0.062113	1.566173	1.795834	55.980000	51.810000	
0.061346	1.577366	1.779423	55.736000	51.710000	
0.060576	1.565955	1.803038	55.964000	52.120000	
0.059803	1.559265	1.748564	56.226000	52.900000	
0.059028	1.548955	1.794024	56.394000	51.050000	
0.058251	1.536124	1.644324	56.940000	54.480000	
0.057471	1.519739	1.724296	57.192000	53.600000	
0.056690	1.503977	1.747140	57.338000	53.080000	
0.055907	1.518784	1.652908	57.134000	54.620000	
0.055122	1.497382	1.827491	57.526000	51.750000	
0.054336	1.500239	1.676469	57.712000	54.460000	
0.053550	1.484544	1.701777	57.906000	54.510000	
0.052762	1.471083	1.626989	58.198000	55.620000	
0.051973	1.461288	1.720609	58.498000	54.090000	
0.051184	1.451624	1.646290	58.764000	54.130000	
0.050395	1.450827	1.735552	58.908000	53.970000	
0.049606	1.440349	1.707283	58.794000	54.080000	
0.048817	1.432931	1.691880	59.370000	54.660000	
0.048028	1.406073	1.662138	59.934000	54.780000	
0.047239	1.419488	1.723269	59.486000	54.450000	
0.046451	1.399112	1.738010	60.100000	54.250000	
0.045665	1.398483	1.689997	59.928000	54.720000	
0.044879	1.379021	1.706877	60.494000	54.870000	
0.044094	1.368337	1.648739	60.592000	55.580000	
0.043311	1.357402	1.592400	61.024000	57.350000	
0.042530	1.345361	1.608554	61.354000	56.960000	
0.041750	1.335573	1.662394	61.290000	55.650000	
0.040973	1.324399	1.622653	62.138000	56.610000	
0.040198	1.316036	1.619566	62.018000	56.520000	
0.039425	1.309230	1.631658	61.956000	56.810000	
0.038655	1.296575	1.509977	62.496000	59.020000	
0.037888	1.281262	1.528330	63.188000	58.110000	
0.037123	1.293990	1.647798	62.574000	56.430000	
0.036362	1.264637	1.609851	63.190000	56.250000	
0.035604	1.250353	1.551009	63.906000	58.880000	
0.034850	1.244780	1.583195	63.712000	57.760000	
0.034100	1.234664	1.535533	64.266000	58.150000	
0.033354	1.225298	1.582965	64.270000	57.780000	
0.032612	1.216033	1.630321	64.406000	57.870000	
0.031874	1.201083	1.615481	64.790000	58.250000	
0.031140	1.182499	1.509217	65.476000	58.580000	
0.030412	1.175759	1.462181	65.532000	60.670000	
0.029688	1.175231	1.559222	65.370000	58.060000	
0.028969	1.156736	1.537735	65.874000	59.620000	
0.028256	1.143745	1.514538	66.288000	58.670000	
0.027548	1.132806	1.497568	66.614000	59.750000	
0.026845	1.122371	1.537031	66.978000	59.710000	
0.026149	1.105531	1.556254	67.526000	59.440000	
0.025458	1.096528	1.504646	67.744000	60.120000	
0.024773	1.080346	1.485644	68.308000	59.410000	
0.024095	1.074297	1.482324	68.066000	60.490000	
0.023423	1.066397	1.473251	68.126000	60.880000	
0.022758	1.052359	1.448342	68.932000	61.350000	
0.022099	1.029290	1.468773	69.238000	61.390000	
0.021448	1.020956	1.420548	69.628000	62.330000	
0.020803	1.008234	1.425765	69.682000	62.230000	
0.020166	1.006223	1.476554	69.688000	61.710000	
0.019537	0.994391	1.530663	70.214000	61.140000	
0.018915	0.970394	1.466491	71.052000	61.480000	
0.018300	0.970010	1.457246	70.942000	61.790000	
0.017694	0.943996	1.393719	71.710000	62.950000	
0.017095	0.929123	1.425384	72.020000	62.460000	
0.016505	0.918242	1.466650	72.372000	62.760000	
0.015923	0.913971	1.416480	72.564000	62.410000	
0.015350	0.894419	1.399091	72.814000	63.460000	
0.014785	0.885783	1.422455	73.206000	62.180000	
0.014229	0.863843	1.402326	73.746000	63.390000	
0.013682	0.844561	1.422399	74.528000	63.310000	
0.013144	0.832450	1.427306	74.440000	64.040000	
0.012616	0.817589	1.461291	74.862000	63.790000	
0.012096	0.808076	1.392669	75.136000	64.180000	
0.011586	0.784218	1.404249	75.840000	64.370000	
0.011086	0.787370	1.450250	75.614000	63.960000	
0.010595	0.767141	1.453334	76.270000	64.520000	
0.010114	0.755612	1.453555	76.572000	63.300000	
0.009643	0.735471	1.397428	77.124000	64.630000	
0.009182	0.721115	1.402886	77.644000	64.330000	
0.008731	0.706918	1.508337	78.068000	64.310000	
0.008291	0.692713	1.441761	78.426000	64.570000	
0.007861	0.675117	1.453279	78.850000	64.880000	
0.007441	0.657885	1.479780	79.394000	65.050000	
0.007032	0.649422	1.443348	79.726000	65.540000	
0.006634	0.638443	1.473980	80.022000	64.800000	
0.006247	0.620284	1.445538	80.606000	65.280000	
0.005870	0.609203	1.468432	80.782000	65.440000	
0.005504	0.589311	1.422563	81.444000	65.850000	
0.005150	0.580307	1.424232	81.666000	65.940000	
0.004807	0.565491	1.446664	82.018000	65.710000	
0.004475	0.549373	1.533178	82.544000	65.450000	
0.004154	0.536032	1.524693	82.902000	65.450000	
0.003845	0.520501	1.457116	83.416000	65.960000	
0.003547	0.508359	1.531454	83.812000	66.310000	
0.003261	0.498193	1.512197	84.016000	66.370000	
0.002986	0.487382	1.569728	84.464000	66.210000	
0.002724	0.461752	1.521066	85.266000	66.370000	
0.002473	0.458271	1.540404	85.148000	66.180000	
0.002233	0.442584	1.572555	85.694000	66.280000	
0.002006	0.433843	1.574395	85.892000	66.210000	
0.001791	0.422858	1.570051	86.308000	66.320000	
0.001588	0.408917	1.563813	86.756000	66.870000	
0.001396	0.397692	1.593474	87.072000	66.610000	
0.001217	0.397180	1.614955	87.072000	66.210000	
0.001050	0.382216	1.659659	87.634000	66.550000	
0.000896	0.377565	1.677555	87.820000	66.210000	
0.000753	0.375368	1.653646	87.824000	66.830000	
0.000623	0.365302	1.699060	88.260000	66.810000	
0.000505	0.359868	1.633159	88.284000	66.780000	
0.000399	0.354379	1.615768	88.460000	66.900000	
0.000306	0.346505	1.631867	88.826000	66.970000	
0.000225	0.345647	1.635165	88.896000	67.330000	
0.000157	0.340652	1.645634	88.886000	67.110000	
0.000101	0.338149	1.647267	89.142000	67.030000	
0.000057	0.340892	1.609794	88.902000	66.890000	
0.000026	0.333670	1.645792	89.226000	66.420000	
0.000007	0.332125	1.659861	89.194000	66.950000	
