Learning Rate	Train Loss	Valid Loss	Train Acc.	Valid Acc.	
0.000001	4.641951	4.630540	1.142000	1.200000	
0.050000	4.313142	4.170345	4.052000	5.520000	
0.099994	4.051288	3.920165	7.110000	8.610000	
0.099975	3.869673	3.958780	9.560000	9.310000	
0.099944	3.768018	3.768032	11.164000	12.150000	
0.099900	3.701788	3.661739	12.352000	13.350000	
0.099844	3.647894	3.681673	13.248000	12.740000	
0.099776	3.614110	3.643315	14.064000	13.300000	
0.099695	3.583120	3.587136	14.862000	14.480000	
0.099602	3.561325	3.572432	15.208000	15.010000	
0.099496	3.545632	3.604748	15.282000	14.770000	
0.099378	3.530918	3.562579	15.650000	15.310000	
0.099248	3.522893	3.580167	15.770000	14.580000	
0.099105	3.510876	3.526913	15.974000	15.850000	
0.098951	3.505411	3.508856	16.040000	15.970000	
0.098784	3.496050	3.494384	16.222000	16.300000	
0.098605	3.490605	3.492326	16.286000	16.060000	
0.098413	3.483673	3.474992	16.578000	17.370000	
0.098210	3.480035	3.452194	16.730000	17.190000	
0.097995	3.475626	3.447643	16.566000	17.380000	
0.097768	3.470898	3.496760	16.866000	16.030000	
0.097528	3.463923	3.452985	17.020000	17.280000	
0.097277	3.466533	3.473503	16.800000	16.750000	
0.097015	3.462581	3.427171	17.120000	18.050000	
0.096740	3.459636	3.484696	16.886000	16.860000	
0.096454	3.459382	3.423470	16.864000	17.670000	
0.096156	3.456640	3.443680	17.094000	17.490000	
