Learning Rate	Train Loss	Valid Loss	Train Acc.	Valid Acc.	
0.000001	4.855264	4.843014	1.000000	1.000000	
0.050000	4.305333	5.645972	4.756000	4.390000	
0.099994	3.876210	4.116400	9.034000	8.680000	
0.099975	3.362731	3.787394	17.286000	14.670000	
0.099944	3.013642	3.714227	23.566000	20.550000	
0.099900	2.718707	3.825812	29.540000	19.940000	
0.099844	2.504028	3.064601	33.794000	27.750000	
0.099776	2.353267	3.497876	37.038000	23.040000	
0.099695	2.231606	2.755710	39.932000	33.580000	
0.099602	2.153863	3.051169	41.802000	30.390000	
0.099496	2.085518	2.553735	43.368000	36.690000	
0.099378	2.032762	2.743324	44.516000	34.160000	
0.099248	1.981266	2.410795	45.970000	38.970000	
0.099105	1.940743	2.436619	46.792000	39.290000	
0.098951	1.911649	2.465361	47.420000	39.090000	
0.098784	1.887174	2.162155	48.094000	42.730000	
0.098605	1.858884	2.199714	48.884000	42.940000	
0.098413	1.844642	2.300673	49.102000	40.990000	
0.098210	1.826557	2.289023	49.332000	41.010000	
0.097995	1.813458	2.347857	49.582000	41.960000	
0.097768	1.795397	2.072816	50.364000	45.130000	
0.097528	1.781450	2.490221	50.616000	38.380000	
0.097277	1.775382	2.047006	50.648000	46.040000	
0.097015	1.766267	2.225909	51.128000	43.610000	
0.096740	1.759554	2.189700	51.006000	43.620000	
0.096454	1.748183	2.135593	51.722000	44.580000	
0.096156	1.741260	2.419113	51.592000	41.330000	
0.095847	1.728473	2.058367	51.620000	45.960000	
0.095526	1.723191	2.006535	52.302000	47.590000	
0.095194	1.723764	2.104227	52.164000	44.980000	
0.094851	1.712173	1.980927	52.330000	47.490000	
0.094497	1.713074	2.345384	52.490000	40.650000	
0.094131	1.696029	2.042156	52.950000	46.240000	
0.093754	1.697895	2.071279	52.672000	46.030000	
0.093367	1.697736	2.314661	52.802000	41.800000	
0.092969	1.698724	2.342734	52.736000	41.940000	
0.092560	1.692092	2.103763	53.162000	45.570000	
0.092140	1.685939	2.195200	53.190000	44.110000	
0.091710	1.685546	2.891638	53.014000	36.520000	
0.091270	1.686792	2.075434	53.200000	46.360000	
0.090819	1.677572	2.013626	53.300000	46.780000	
0.090358	1.679670	2.158723	53.400000	44.430000	
0.089887	1.673105	2.189825	53.368000	44.130000	
0.089406	1.670663	2.171946	53.664000	44.890000	
0.088915	1.664184	2.176088	53.700000	44.350000	
0.088415	1.661618	1.917554	53.766000	49.590000	
0.087905	1.657636	2.138477	53.774000	45.260000	
0.087385	1.664565	2.056038	53.626000	47.670000	
0.086857	1.659626	2.157285	53.976000	43.660000	
0.086319	1.659236	2.282916	53.774000	43.830000	
0.085772	1.656519	2.192423	53.898000	44.360000	
0.085216	1.657291	2.236668	53.740000	43.390000	
0.084651	1.644646	1.934822	54.394000	48.000000	
0.084078	1.647960	2.244565	54.314000	44.010000	
0.083496	1.647845	2.016897	53.992000	46.710000	
0.082906	1.649815	2.094924	53.976000	46.190000	
0.082307	1.642714	2.063080	54.568000	46.510000	
0.081701	1.640853	2.107256	54.274000	44.960000	
0.081086	1.646270	2.000404	54.054000	46.860000	
0.080464	1.641869	2.147071	54.528000	44.730000	
0.079835	1.642832	2.057542	54.478000	46.260000	
0.079198	1.641616	2.080022	54.302000	46.130000	
0.078553	1.641854	2.054232	54.162000	45.030000	
0.077902	1.637471	2.259136	54.304000	43.830000	
0.077243	1.638004	2.077811	54.582000	46.000000	
0.076578	1.640906	2.027492	54.346000	46.670000	
0.075906	1.625708	2.106412	54.722000	45.650000	
0.075228	1.638543	2.135511	54.350000	45.900000	
0.074543	1.633607	2.062234	54.676000	46.770000	
0.073852	1.634582	2.395447	54.550000	41.400000	
0.073156	1.633516	2.006884	54.350000	47.000000	
0.072453	1.626341	2.014937	54.644000	47.220000	
0.071745	1.632562	1.951102	54.586000	48.320000	
0.071032	1.628536	1.971416	54.714000	48.170000	
0.070313	1.627943	2.281683	54.842000	43.180000	
0.069589	1.630307	1.937491	54.556000	48.930000	
0.068861	1.627672	2.059373	54.814000	47.250000	
0.068127	1.630801	2.026675	54.546000	47.760000	
0.067389	1.622321	2.205363	54.780000	44.010000	
0.066647	1.622899	2.133462	54.680000	45.210000	
0.065901	1.619017	1.985701	54.986000	47.930000	
0.065151	1.617662	2.066813	55.020000	46.830000	
0.064397	1.621865	1.934484	54.944000	48.520000	
0.063639	1.623711	2.326486	54.784000	43.480000	
0.062878	1.623358	1.935065	54.772000	48.740000	
0.062113	1.622177	1.962692	54.970000	48.530000	
0.061346	1.622599	1.995380	55.078000	47.880000	
0.060576	1.619003	1.898757	55.114000	49.750000	
0.059803	1.619445	2.186364	55.176000	45.030000	
0.059028	1.622213	2.075068	54.900000	47.110000	
0.058251	1.620754	1.849442	54.856000	50.950000	
0.057471	1.620797	2.085729	54.966000	46.220000	
0.056690	1.618434	1.868477	54.916000	49.930000	
0.055907	1.617576	1.901956	55.044000	49.650000	
0.055122	1.617765	1.870122	54.916000	50.500000	
0.054336	1.618223	2.041148	55.142000	47.140000	
0.053550	1.616745	1.870854	55.440000	50.440000	
0.052762	1.618832	2.000274	55.174000	46.930000	
0.051973	1.617482	1.929684	55.208000	49.200000	
0.051184	1.618730	1.927692	55.186000	49.200000	
0.050395	1.619769	1.895113	55.120000	49.370000	
0.049606	1.614499	1.916120	55.368000	49.280000	
0.048817	1.614955	1.882313	55.254000	50.530000	
0.048028	1.614913	2.038795	55.388000	47.140000	
0.047239	1.616638	2.072212	55.276000	46.910000	
0.046451	1.616396	1.921627	55.368000	48.920000	
0.045665	1.615571	1.913114	55.140000	49.350000	
0.044879	1.617742	1.914444	55.416000	49.660000	
0.044094	1.617373	1.967339	55.422000	48.750000	
0.043311	1.616240	1.873954	55.176000	50.090000	
0.042530	1.614447	1.884819	55.328000	50.430000	
0.041750	1.617450	1.889894	55.392000	50.290000	
0.040973	1.616132	1.887586	55.436000	49.740000	
0.040198	1.616427	2.110963	55.174000	46.270000	
0.039425	1.614034	1.873945	55.636000	50.600000	
0.038655	1.615476	1.903881	55.362000	49.500000	
0.037888	1.614773	1.848906	55.576000	50.680000	
0.037123	1.612387	1.821108	55.494000	51.450000	
0.036362	1.613484	1.855589	55.540000	50.710000	
0.035604	1.615109	1.868340	55.404000	50.980000	
0.034850	1.615105	1.828588	55.550000	50.850000	
0.034100	1.612997	1.995871	55.520000	48.390000	
0.033354	1.610791	1.858390	55.660000	50.530000	
0.032612	1.615641	1.871133	55.428000	50.030000	
0.031874	1.613771	1.881664	55.464000	50.660000	
0.031140	1.611713	1.882969	55.612000	49.960000	
0.030412	1.615832	1.880115	55.278000	50.400000	
0.029688	1.614542	1.832952	55.552000	51.220000	
0.028969	1.611755	1.902578	55.616000	49.820000	
0.028256	1.615186	1.840316	55.270000	51.200000	
0.027548	1.615656	1.820091	55.386000	51.300000	
0.026845	1.613883	1.820845	55.502000	51.530000	
0.026149	1.612268	1.856713	55.470000	51.270000	
0.025458	1.608447	1.829380	55.644000	51.300000	
0.024773	1.609605	1.825863	55.848000	50.780000	
0.024095	1.613558	1.791432	55.560000	52.190000	
0.023423	1.614287	1.820381	55.388000	50.960000	
0.022758	1.613705	1.834689	55.526000	51.260000	
0.022099	1.613188	1.831197	55.632000	51.070000	
0.021448	1.607702	1.841648	55.718000	51.020000	
0.020803	1.610981	1.805276	55.858000	51.590000	
0.020166	1.613105	1.832235	55.606000	51.130000	
0.019537	1.613060	1.811960	55.680000	51.880000	
0.018915	1.610775	1.811597	55.686000	51.700000	
0.018300	1.612107	1.824490	55.644000	51.540000	
0.017694	1.608255	1.798399	55.812000	51.570000	
0.017095	1.611385	1.810042	55.572000	51.730000	
0.016505	1.612087	1.837774	55.932000	51.590000	
0.015923	1.611691	1.813076	55.874000	51.530000	
0.015350	1.608344	1.795932	56.070000	51.820000	
0.014785	1.611721	1.852948	55.696000	50.850000	
0.014229	1.608062	1.793083	56.020000	51.850000	
0.013682	1.611508	1.796468	55.756000	52.140000	
0.013144	1.607419	1.810108	55.776000	51.740000	
0.012616	1.609973	1.789197	55.670000	52.150000	
0.012096	1.607618	1.822773	55.884000	51.650000	
0.011586	1.609057	1.783120	55.902000	52.080000	
0.011086	1.605839	1.806252	55.754000	51.750000	
0.010595	1.606298	1.787719	55.948000	52.200000	
0.010114	1.610690	1.792074	55.906000	52.490000	
0.009643	1.609104	1.801910	55.864000	51.870000	
0.009182	1.609738	1.796260	56.012000	51.890000	
0.008731	1.607741	1.801271	55.760000	51.960000	
0.008291	1.612334	1.786236	55.916000	52.500000	
0.007861	1.612271	1.792735	55.656000	52.400000	
0.007441	1.609517	1.792698	56.152000	51.960000	
0.007032	1.602901	1.780050	56.024000	52.340000	
0.006634	1.604973	1.785244	55.958000	52.390000	
0.006247	1.603879	1.777134	55.864000	52.540000	
0.005870	1.607977	1.779507	56.026000	52.450000	
0.005504	1.609007	1.783232	56.058000	52.370000	
0.005150	1.606555	1.781651	56.064000	52.460000	
0.004807	1.602341	1.782477	56.132000	52.370000	
0.004475	1.606091	1.787187	55.846000	52.630000	
0.004154	1.605920	1.783949	56.048000	52.440000	
0.003845	1.605016	1.770535	56.116000	52.460000	
0.003547	1.605523	1.780944	56.126000	52.420000	
0.003261	1.600779	1.776880	56.022000	52.640000	
0.002986	1.602568	1.779415	56.080000	52.420000	
0.002724	1.602047	1.773852	56.138000	52.660000	
0.002473	1.601315	1.776198	56.210000	52.800000	
0.002233	1.603335	1.776395	56.222000	52.520000	
0.002006	1.601962	1.777421	56.142000	52.470000	
0.001791	1.598538	1.772951	56.162000	52.580000	
0.001588	1.599891	1.776961	56.194000	52.560000	
0.001396	1.601253	1.780267	56.266000	52.690000	
0.001217	1.599426	1.776648	56.208000	52.560000	
0.001050	1.598210	1.777094	56.136000	52.730000	
0.000896	1.601776	1.773941	56.190000	52.500000	
0.000753	1.601464	1.773655	56.146000	52.650000	
0.000623	1.598821	1.780554	56.270000	52.390000	
0.000505	1.595235	1.773839	56.354000	52.690000	
0.000399	1.600171	1.777132	56.168000	52.470000	
0.000306	1.598477	1.776732	56.100000	52.390000	
0.000225	1.596994	1.774997	56.106000	52.530000	
0.000157	1.597863	1.777426	56.332000	52.560000	
0.000101	1.598326	1.778285	56.218000	52.440000	
0.000057	1.599384	1.772969	56.038000	52.470000	
0.000026	1.595634	1.775558	56.228000	52.470000	
0.000007	1.600191	1.777666	56.072000	52.610000	
