Learning Rate	Train Loss	Valid Loss	Train Acc.	Valid Acc.	
0.000001	4.607810	4.607761	1.350000	1.250000	
0.050000	4.605631	4.599243	1.076000	1.970000	
0.099994	4.537556	4.479962	1.722000	2.080000	
0.099975	4.225057	4.031120	5.024000	6.970000	
0.099944	3.856911	3.698224	9.804000	12.280000	
0.099900	3.584032	3.513721	14.492000	15.820000	
0.099844	3.339265	3.232944	18.528000	20.160000	
0.099776	3.098374	3.036671	22.874000	23.790000	
0.099695	2.854698	2.822354	27.504000	29.130000	
0.099602	2.668532	2.709104	30.812000	30.890000	
0.099496	2.520149	2.622050	33.962000	34.010000	
0.099378	2.413761	2.488419	35.910000	35.440000	
0.099248	2.328771	2.426901	37.948000	36.260000	
0.099105	2.265699	2.517995	39.446000	36.820000	
0.098951	2.241021	2.385820	39.988000	38.160000	
0.098784	2.198157	2.265631	40.886000	41.250000	
0.098605	2.165312	2.361169	41.662000	39.780000	
0.098413	2.160132	2.388899	41.802000	37.840000	
0.098210	2.135093	2.364541	42.334000	39.050000	
0.097995	2.138151	2.344196	42.532000	38.700000	
0.097768	2.123602	2.304101	43.154000	39.680000	
0.097528	2.094952	2.305948	43.680000	39.740000	
0.097277	2.078960	2.163331	44.010000	42.800000	
0.097015	2.067928	2.138926	44.214000	43.380000	
0.096740	2.058693	2.346050	44.458000	41.180000	
0.096454	2.054785	2.382994	44.546000	39.960000	
0.096156	2.043065	2.238820	44.540000	42.140000	
0.095847	2.023343	2.178878	45.238000	43.060000	
0.095526	2.003580	2.138399	45.472000	44.060000	
0.095194	1.988488	2.180381	46.158000	43.770000	
0.094851	1.988541	2.148157	45.902000	43.570000	
0.094497	1.964312	2.103682	46.708000	44.080000	
0.094131	1.953670	2.122743	46.866000	44.880000	
0.093754	1.968148	2.059443	46.344000	44.760000	
0.093367	1.955747	2.209982	46.958000	43.160000	
0.092969	1.942758	2.142305	46.864000	44.940000	
0.092560	1.917098	2.144849	47.840000	43.230000	
0.092140	1.926215	2.101615	47.496000	44.150000	
0.091710	1.918269	2.138674	47.600000	43.600000	
0.091270	1.904097	2.018458	48.098000	46.870000	
0.090819	1.925158	2.095518	47.520000	45.930000	
0.090358	1.890384	2.049450	48.368000	46.090000	
0.089887	1.889239	2.061503	48.352000	46.270000	
0.089406	1.871767	1.915047	48.808000	48.530000	
0.088915	1.877094	2.010203	48.876000	47.000000	
0.088415	1.860521	2.008225	49.218000	47.040000	
0.087905	1.877521	1.941546	48.548000	48.120000	
0.087385	1.853360	2.020686	49.352000	47.350000	
0.086857	1.833349	2.054018	49.712000	46.190000	
0.086319	1.821153	1.976752	49.972000	47.190000	
0.085772	1.817225	2.060348	50.006000	45.840000	
0.085216	1.844415	2.051482	49.602000	46.210000	
0.084651	1.823011	1.985376	49.948000	47.850000	
0.084078	1.827841	2.013902	49.846000	46.840000	
0.083496	1.789611	1.953941	50.628000	48.100000	
0.082906	1.800317	1.912420	50.466000	48.630000	
0.082307	1.792611	2.027415	50.580000	45.720000	
0.081701	1.775182	1.994150	51.270000	46.700000	
0.081086	1.775122	1.956225	50.938000	48.150000	
0.080464	1.774905	1.896883	51.088000	48.660000	
0.079835	1.754370	1.881546	51.554000	49.380000	
0.079198	1.762582	1.972366	51.066000	48.060000	
0.078553	1.748122	1.786290	51.536000	51.630000	
0.077902	1.753210	1.831092	51.504000	51.640000	
0.077243	1.729577	1.950828	52.164000	48.090000	
0.076578	1.722479	1.863974	52.348000	50.280000	
0.075906	1.728315	1.893443	52.154000	49.290000	
0.075228	1.725772	1.919601	52.306000	49.180000	
0.074543	1.706599	1.845460	52.694000	50.440000	
0.073852	1.695809	1.813281	52.920000	52.060000	
0.073156	1.695996	1.893157	52.858000	49.580000	
0.072453	1.677167	1.971857	53.274000	48.520000	
0.071745	1.666882	1.889194	53.728000	50.500000	
0.071032	1.672396	1.872555	53.358000	50.470000	
0.070313	1.666618	1.776453	53.542000	51.320000	
0.069589	1.651864	1.841160	54.076000	51.220000	
0.068861	1.652500	1.892939	53.852000	51.570000	
0.068127	1.635195	1.796797	54.140000	51.430000	
0.067389	1.628622	1.811538	54.600000	51.950000	
0.066647	1.623225	1.844458	54.828000	51.260000	
0.065901	1.608793	1.871287	55.010000	51.430000	
0.065151	1.596327	1.735129	55.378000	52.250000	
0.064397	1.587631	1.974408	55.682000	49.260000	
0.063639	1.580650	1.815704	55.538000	51.370000	
0.062878	1.582758	1.768626	55.508000	53.690000	
0.062113	1.574083	1.851244	55.518000	50.880000	
0.061346	1.576598	1.900638	55.734000	50.120000	
0.060576	1.560653	1.758811	56.222000	52.790000	
0.059803	1.544797	1.746176	56.500000	53.150000	
0.059028	1.538523	1.782233	56.578000	52.290000	
0.058251	1.527274	1.694557	56.868000	53.750000	
0.057471	1.529909	1.774981	56.908000	53.520000	
0.056690	1.509808	1.798582	57.308000	51.940000	
0.055907	1.510869	1.705652	57.294000	53.670000	
0.055122	1.499834	1.698807	57.610000	53.870000	
0.054336	1.482702	1.716464	57.960000	53.890000	
0.053550	1.482721	1.703280	58.020000	54.320000	
0.052762	1.479187	1.700982	58.292000	53.300000	
0.051973	1.466111	1.666572	58.326000	55.170000	
0.051184	1.462193	1.748855	58.526000	53.100000	
0.050395	1.453579	1.660117	58.502000	54.390000	
0.049606	1.427192	1.712366	59.346000	53.650000	
0.048817	1.425464	1.624342	59.308000	55.550000	
0.048028	1.416345	1.636663	59.426000	56.410000	
0.047239	1.402324	1.692081	60.104000	54.650000	
0.046451	1.391664	1.794972	60.100000	54.350000	
0.045665	1.392955	1.660054	59.996000	54.690000	
0.044879	1.375462	1.577989	60.610000	56.520000	
0.044094	1.362078	1.613399	60.926000	55.780000	
0.043311	1.364730	1.644242	60.806000	56.290000	
0.042530	1.347436	1.715327	61.398000	54.840000	
0.041750	1.339600	1.587013	61.422000	56.940000	
0.040973	1.331669	1.590697	61.630000	57.310000	
0.040198	1.310879	1.647904	62.328000	56.420000	
0.039425	1.309358	1.670022	62.202000	56.030000	
0.038655	1.294403	1.592239	62.746000	57.690000	
0.037888	1.288597	1.527498	62.754000	58.120000	
0.037123	1.285430	1.595954	62.890000	57.130000	
0.036362	1.263530	1.556006	63.422000	57.770000	
0.035604	1.247224	1.540159	63.632000	57.500000	
0.034850	1.243643	1.608711	64.010000	56.710000	
0.034100	1.227580	1.492367	64.118000	59.420000	
0.033354	1.221065	1.535400	64.442000	58.170000	
0.032612	1.211913	1.552673	64.704000	58.360000	
0.031874	1.205498	1.547954	65.046000	59.120000	
0.031140	1.186269	1.555555	65.476000	59.270000	
0.030412	1.190085	1.584278	65.242000	57.660000	
0.029688	1.167636	1.500177	65.638000	59.580000	
0.028969	1.154010	1.547912	66.116000	58.340000	
0.028256	1.148651	1.508448	66.154000	59.830000	
0.027548	1.141545	1.483740	66.408000	59.560000	
0.026845	1.114431	1.532865	67.196000	59.930000	
0.026149	1.116599	1.486988	67.310000	60.010000	
0.025458	1.100782	1.487993	67.598000	60.420000	
0.024773	1.079496	1.471343	68.212000	60.610000	
0.024095	1.069055	1.405605	68.478000	61.580000	
0.023423	1.062481	1.493804	68.606000	59.810000	
0.022758	1.050053	1.452386	68.786000	60.900000	
0.022099	1.041407	1.504675	69.018000	59.780000	
0.021448	1.021772	1.471890	69.720000	60.710000	
0.020803	1.011121	1.431263	69.610000	61.800000	
0.020166	0.998801	1.425218	70.028000	61.990000	
0.019537	0.985574	1.475561	70.414000	61.140000	
0.018915	0.978634	1.418491	70.710000	62.590000	
0.018300	0.963706	1.437144	70.912000	61.360000	
0.017694	0.943246	1.460386	71.464000	61.940000	
0.017095	0.935572	1.413073	71.730000	62.470000	
0.016505	0.924301	1.439683	71.974000	63.130000	
0.015923	0.911056	1.414980	72.362000	62.980000	
0.015350	0.894920	1.467925	72.960000	62.190000	
0.014785	0.878934	1.412665	73.372000	62.560000	
0.014229	0.860056	1.356496	73.838000	63.350000	
0.013682	0.858601	1.436854	73.614000	62.500000	
0.013144	0.835235	1.434377	74.410000	62.400000	
0.012616	0.815652	1.414798	75.198000	63.200000	
0.012096	0.812089	1.411769	75.156000	63.880000	
0.011586	0.801549	1.397193	75.254000	63.210000	
0.011086	0.776266	1.428723	76.348000	63.640000	
0.010595	0.769025	1.468713	76.506000	63.120000	
0.010114	0.747356	1.445275	76.792000	63.780000	
0.009643	0.738556	1.443541	77.078000	63.950000	
0.009182	0.724751	1.436454	77.564000	64.880000	
0.008731	0.711997	1.405703	77.822000	64.840000	
0.008291	0.695320	1.454071	78.348000	64.570000	
0.007861	0.680849	1.464109	78.822000	63.660000	
0.007441	0.673063	1.492005	78.800000	63.990000	
0.007032	0.649300	1.460953	79.716000	64.900000	
0.006634	0.635366	1.501105	80.066000	64.240000	
0.006247	0.628262	1.423251	80.156000	65.070000	
0.005870	0.604071	1.427762	80.968000	64.880000	
0.005504	0.593784	1.403951	81.368000	65.920000	
0.005150	0.569291	1.533650	81.970000	64.670000	
0.004807	0.563183	1.471383	81.978000	64.980000	
0.004475	0.551464	1.524281	82.444000	65.420000	
0.004154	0.534839	1.507543	83.032000	65.680000	
0.003845	0.520937	1.497435	83.360000	65.860000	
0.003547	0.506704	1.543723	83.790000	65.670000	
0.003261	0.499628	1.527030	84.022000	65.240000	
0.002986	0.482570	1.544354	84.372000	65.800000	
0.002724	0.464968	1.559017	85.048000	66.010000	
0.002473	0.457203	1.506690	85.276000	66.370000	
0.002233	0.444596	1.526226	85.668000	66.380000	
0.002006	0.440129	1.595960	85.906000	65.860000	
0.001791	0.420587	1.558935	86.492000	66.430000	
0.001588	0.416873	1.573342	86.414000	66.310000	
0.001396	0.404773	1.621194	86.928000	65.900000	
0.001217	0.393622	1.632635	87.170000	66.140000	
0.001050	0.379728	1.633652	87.646000	66.590000	
0.000896	0.374739	1.647552	87.702000	66.700000	
0.000753	0.370824	1.679718	87.918000	66.410000	
0.000623	0.363379	1.646811	88.166000	66.480000	
0.000505	0.355533	1.680753	88.542000	66.350000	
0.000399	0.355036	1.662605	88.534000	66.440000	
0.000306	0.351644	1.652316	88.522000	66.700000	
0.000225	0.342087	1.698578	88.936000	67.000000	
0.000157	0.343562	1.697766	88.940000	66.630000	
0.000101	0.341566	1.713662	88.932000	66.790000	
0.000057	0.342214	1.728662	88.948000	66.540000	
0.000026	0.339993	1.663782	89.028000	66.720000	
0.000007	0.335788	1.683691	89.078000	66.430000	
