Learning Rate	Train Loss	Valid Loss	Train Acc.	Valid Acc.	
0.000001	5.118143	4.934720	1.002000	1.010000	
0.050000	4.736982	5.154102	1.498000	1.570000	
0.099975	4.522311	4.382278	2.546000	3.200000	
0.099899	4.069350	3.922198	5.856000	7.170000	
0.099774	3.789359	3.713038	9.652000	11.010000	
0.099598	3.511922	3.486120	14.704000	16.750000	
0.099372	3.221734	3.254429	19.786000	19.780000	
0.099096	2.917106	2.876933	25.600000	26.870000	
0.098772	2.675048	2.728735	30.226000	30.100000	
0.098397	2.479297	2.649604	34.212000	32.070000	
0.097975	2.317787	2.521922	38.086000	35.530000	
0.097504	2.183977	2.556224	40.672000	34.180000	
0.096985	2.073210	2.396489	43.194000	38.430000	
0.096418	1.978933	2.285934	45.492000	41.120000	
0.095805	1.915675	2.631533	46.950000	34.560000	
0.095146	1.832071	2.109863	49.130000	44.420000	
0.094442	1.795849	2.203432	49.772000	42.230000	
0.093693	1.746969	2.048750	50.862000	44.800000	
0.092899	1.695138	2.475700	51.964000	39.990000	
0.092063	1.654198	2.047920	53.402000	45.900000	
0.091184	1.631621	2.103176	53.868000	46.360000	
0.090264	1.597987	2.160355	54.510000	44.530000	
0.089303	1.566964	2.046582	55.280000	46.430000	
0.088302	1.541971	1.924100	56.366000	48.870000	
0.087263	1.530435	1.995448	56.310000	48.120000	
0.086187	1.482516	1.978483	57.318000	48.350000	
0.085074	1.475830	1.998572	57.380000	47.210000	
0.083926	1.441861	1.978899	58.578000	48.090000	
0.082743	1.418421	1.772064	59.128000	51.940000	
0.081528	1.403253	1.987068	59.306000	46.560000	
0.080281	1.371577	1.830765	60.108000	51.940000	
0.079003	1.366806	1.897496	60.366000	49.240000	
0.077696	1.348529	1.782981	60.908000	51.850000	
0.076362	1.318397	1.999778	61.814000	48.840000	
0.075000	1.300167	1.805784	62.132000	51.880000	
0.073614	1.290153	1.850852	62.444000	52.170000	
0.072204	1.264154	1.793093	63.072000	52.200000	
0.070771	1.265595	1.636461	63.258000	55.350000	
0.069318	1.249871	1.985280	63.484000	51.520000	
0.067845	1.259987	1.908805	63.364000	51.320000	
0.066354	1.211066	1.765284	64.332000	53.860000	
0.064846	1.195074	1.764472	64.774000	54.390000	
0.063324	1.171238	1.633956	65.496000	55.920000	
0.061788	1.157825	2.144627	65.850000	47.780000	
0.060241	1.147015	1.617909	66.114000	56.380000	
0.058683	1.134222	1.733506	66.476000	54.250000	
0.057116	1.107252	1.782614	67.054000	53.590000	
0.055542	1.089295	1.583123	67.762000	57.420000	
0.053963	1.068800	1.720509	68.270000	54.690000	
0.052380	1.061548	1.640316	68.398000	57.480000	
0.050794	1.035089	1.622817	69.250000	57.120000	
0.049207	1.019956	1.630292	69.400000	56.370000	
0.047621	0.998382	1.662312	70.182000	56.410000	
0.046038	0.983348	1.573160	70.446000	58.350000	
0.044459	0.960558	1.481253	71.102000	60.540000	
0.042885	0.962196	1.567077	71.058000	58.510000	
0.041318	0.920583	1.599994	72.364000	58.060000	
0.039760	0.916466	1.570962	72.414000	58.720000	
0.038213	0.894277	1.428375	72.850000	61.580000	
0.036677	0.871127	1.566968	73.480000	59.280000	
0.035155	0.847288	1.554033	74.330000	59.520000	
0.033647	0.833133	1.515452	74.636000	60.920000	
0.032156	0.809778	1.592453	75.370000	58.430000	
0.030683	0.787654	1.555509	75.978000	59.060000	
0.029230	0.772238	1.525825	76.328000	60.700000	
0.027797	0.747785	1.487146	77.192000	61.170000	
0.026387	0.722755	1.411398	77.946000	62.500000	
0.025001	0.703039	1.554193	78.464000	61.120000	
0.023639	0.683480	1.581391	79.106000	60.820000	
0.022305	0.664066	1.533782	79.548000	61.200000	
0.020998	0.660747	1.404729	79.740000	64.090000	
0.019720	0.617228	1.381801	80.900000	63.760000	
0.018473	0.590021	1.371024	81.814000	64.210000	
0.017258	0.570646	1.462258	82.572000	63.360000	
0.016075	0.545307	1.364672	83.004000	64.500000	
0.014927	0.528020	1.422893	83.662000	64.220000	
0.013814	0.499234	1.331772	84.734000	65.580000	
0.012738	0.473096	1.298600	85.454000	66.880000	
0.011699	0.455054	1.334450	86.162000	66.120000	
0.010698	0.437250	1.293581	86.734000	66.850000	
0.009737	0.407168	1.274879	87.830000	67.290000	
0.008817	0.389913	1.270071	88.266000	68.050000	
0.007938	0.368167	1.232297	89.106000	68.150000	
0.007102	0.347646	1.232376	89.734000	68.530000	
0.006308	0.332293	1.255518	90.284000	68.240000	
0.005559	0.310721	1.263866	90.942000	67.910000	
0.004855	0.295008	1.243693	91.596000	68.550000	
0.004196	0.282800	1.234041	92.206000	68.730000	
0.003583	0.269374	1.233794	92.614000	68.920000	
0.003016	0.255081	1.231483	93.108000	68.910000	
0.002497	0.242559	1.221689	93.616000	69.130000	
0.002026	0.236525	1.230417	93.744000	69.170000	
0.001604	0.226519	1.214427	94.240000	69.450000	
0.001229	0.224104	1.212577	94.334000	69.490000	
0.000905	0.218655	1.213898	94.418000	69.440000	
0.000629	0.212332	1.210924	94.702000	69.500000	
0.000403	0.210014	1.218335	94.746000	69.310000	
0.000227	0.206632	1.215068	94.902000	69.480000	
0.000102	0.205276	1.217023	95.042000	69.340000	
0.000026	0.203870	1.217369	95.114000	69.240000	
