Learning Rate	Train Loss	Valid Loss	Train Acc.	Valid Acc.	
0.000001	4.608417	4.608385	1.020000	1.000000	
0.050000	4.606407	4.600747	1.000000	1.660000	
0.099975	4.520709	4.278744	2.030000	4.390000	
0.099899	4.086384	3.897262	5.674000	8.790000	
0.099774	3.778350	3.626449	10.762000	13.830000	
0.099598	3.524978	3.415902	15.046000	16.600000	
0.099372	3.265385	3.198571	19.856000	21.670000	
0.099096	2.989155	2.883798	24.578000	26.470000	
0.098772	2.753428	2.731452	28.980000	30.230000	
0.098397	2.549205	2.618815	33.034000	33.540000	
0.097975	2.375118	2.591974	37.096000	33.640000	
0.097504	2.250849	2.350219	39.448000	38.080000	
0.096985	2.139392	2.239213	42.048000	41.570000	
0.096418	2.042715	2.158297	44.226000	42.190000	
0.095805	1.992152	2.218291	45.294000	41.040000	
0.095146	1.939905	1.988656	46.616000	45.950000	
0.094442	1.893626	2.014499	47.584000	45.920000	
0.093693	1.850249	2.036767	48.630000	45.240000	
0.092899	1.852980	1.957484	48.760000	47.170000	
0.092063	1.826844	2.010920	49.322000	45.290000	
0.091184	1.815443	2.014301	49.540000	46.900000	
0.090264	1.810951	1.889806	50.008000	48.460000	
0.089303	1.811691	1.902034	49.930000	47.430000	
0.088302	1.794614	1.996973	50.434000	46.240000	
0.087263	1.804859	1.984123	50.012000	46.920000	
0.086187	1.826522	1.969265	49.684000	47.630000	
0.085074	1.843503	2.130169	49.194000	42.700000	
0.083926	1.841912	1.889141	49.220000	48.580000	
0.082743	1.846298	2.034844	49.090000	45.570000	
0.081528	1.880677	2.145623	48.602000	44.000000	
0.080281	1.883968	2.105255	48.482000	43.910000	
0.079003	1.887378	2.070858	48.024000	45.230000	
0.077696	1.906033	2.091181	47.964000	45.050000	
0.076362	1.918601	2.263473	47.534000	42.390000	
0.075000	1.939684	1.982120	47.096000	47.340000	
0.073614	1.939027	2.169319	47.084000	43.640000	
0.072204	1.981486	2.145371	46.222000	44.560000	
0.070771	1.937138	2.213442	47.290000	41.960000	
0.069318	1.950393	1.957703	47.126000	47.260000	
0.067845	1.915448	2.024743	47.552000	46.650000	
0.066354	1.917577	2.139697	47.632000	44.870000	
0.064846	1.925510	1.993500	47.234000	47.720000	
0.063324	1.918280	2.038333	47.818000	47.110000	
0.061788	1.884031	2.109685	48.446000	44.600000	
0.060241	1.867450	2.032273	48.824000	45.720000	
0.058683	1.854674	1.967456	49.202000	47.990000	
0.057116	1.813320	1.933669	49.860000	48.900000	
0.055542	1.775797	1.976288	50.958000	47.590000	
0.053963	1.772447	1.939988	51.102000	49.240000	
0.052380	1.729065	1.876538	51.966000	49.620000	
0.050794	1.712134	1.920884	52.658000	47.980000	
0.049207	1.686238	1.778271	53.034000	52.170000	
0.047621	1.660482	1.780380	53.600000	51.750000	
0.046038	1.618075	1.862282	54.978000	50.430000	
0.044459	1.594368	1.703008	55.034000	53.970000	
0.042885	1.575918	1.805843	55.732000	52.680000	
0.041318	1.522855	1.700742	56.986000	54.680000	
0.039760	1.511519	1.701262	57.266000	53.320000	
0.038213	1.468271	1.723458	58.636000	54.060000	
0.036677	1.436856	1.585099	58.998000	57.180000	
0.035155	1.398624	1.570659	60.078000	56.940000	
0.033647	1.367798	1.638523	60.854000	55.740000	
0.032156	1.347032	1.619945	61.112000	55.430000	
0.030683	1.303187	1.537458	62.278000	57.800000	
0.029230	1.264023	1.575905	63.324000	58.110000	
0.027797	1.238951	1.481017	64.034000	58.420000	
0.026387	1.200344	1.446970	64.932000	59.890000	
0.025001	1.169991	1.517333	65.884000	59.600000	
0.023639	1.132530	1.442202	66.332000	60.460000	
0.022305	1.098797	1.404562	67.666000	61.330000	
0.020998	1.055478	1.404965	68.748000	61.450000	
0.019720	1.022230	1.483369	69.476000	61.550000	
0.018473	0.987377	1.411954	70.608000	62.000000	
0.017258	0.945315	1.372984	71.632000	62.710000	
0.016075	0.909582	1.358326	72.634000	63.400000	
0.014927	0.865173	1.359306	73.826000	64.640000	
0.013814	0.837826	1.375064	74.448000	63.860000	
0.012738	0.789657	1.340758	75.788000	64.210000	
0.011699	0.760746	1.370928	76.586000	65.080000	
0.010698	0.721258	1.312340	77.564000	65.390000	
0.009737	0.674555	1.360292	79.066000	65.830000	
0.008817	0.638396	1.317982	80.022000	66.300000	
0.007938	0.607818	1.333760	80.936000	66.520000	
0.007102	0.566029	1.345363	82.004000	66.830000	
0.006308	0.527814	1.306413	83.160000	67.570000	
0.005559	0.495217	1.359031	84.082000	67.810000	
0.004855	0.463194	1.328576	85.160000	67.550000	
0.004196	0.421250	1.448014	86.284000	67.810000	
0.003583	0.390443	1.406348	87.380000	68.150000	
0.003016	0.364685	1.438635	88.094000	68.400000	
0.002497	0.339049	1.470361	88.866000	68.680000	
0.002026	0.314585	1.485587	89.534000	69.200000	
0.001604	0.294389	1.538034	90.366000	69.190000	
0.001229	0.269843	1.575984	91.132000	69.010000	
0.000905	0.256687	1.579895	91.598000	69.110000	
0.000629	0.243617	1.604169	91.978000	68.760000	
0.000403	0.232801	1.610818	92.224000	69.220000	
0.000227	0.220889	1.708196	92.644000	68.910000	
0.000102	0.218096	1.643684	92.752000	69.070000	
0.000026	0.221385	1.586738	92.700000	68.830000	
