Learning Rate	Train Loss	Valid Loss	Train Acc.	Valid Acc.	
0.000001	4.608075	4.608141	0.998000	0.990000	
0.050000	4.605876	4.596956	1.034000	2.030000	
0.099975	4.434398	4.237145	2.270000	3.850000	
0.099899	4.046136	3.871685	6.540000	8.740000	
0.099774	3.716747	3.546690	11.448000	15.200000	
0.099598	3.407386	3.362006	16.852000	19.020000	
0.099372	3.100356	2.999160	22.438000	25.510000	
0.099096	2.834582	2.996365	27.284000	25.970000	
0.098772	2.601851	2.609917	31.822000	33.300000	
0.098397	2.457004	2.432610	35.054000	35.920000	
0.097975	2.347061	2.387027	37.668000	37.870000	
0.097504	2.253153	2.601683	39.410000	33.560000	
0.096985	2.186047	2.342374	41.032000	37.990000	
0.096418	2.156085	2.503885	42.078000	37.950000	
0.095805	2.150079	2.257925	41.936000	40.050000	
0.095146	2.165113	2.212970	41.586000	40.840000	
0.094442	2.139132	2.364226	42.322000	38.810000	
0.093693	2.189534	2.349533	40.996000	38.300000	
0.092899	2.158964	2.401762	41.864000	38.140000	
0.092063	2.189448	2.225354	41.274000	40.800000	
0.091184	2.209328	2.398225	40.978000	39.010000	
0.090264	2.187102	2.322658	41.606000	38.850000	
0.089303	2.178476	2.323432	41.924000	38.190000	
0.088302	2.183687	2.386488	41.714000	38.520000	
0.087263	2.162689	2.292601	42.008000	41.330000	
0.086187	2.164251	2.336290	42.228000	38.400000	
0.085074	2.148410	2.248682	42.352000	42.210000	
0.083926	2.132986	2.199536	42.812000	42.090000	
0.082743	2.104835	2.307778	43.538000	40.710000	
0.081528	2.088340	2.155385	43.854000	43.100000	
0.080281	2.061178	2.191505	44.472000	41.310000	
0.079003	2.049200	2.094843	44.668000	43.610000	
0.077696	2.050881	2.255351	44.604000	42.510000	
0.076362	2.009566	2.177841	45.740000	42.970000	
0.075000	2.004132	2.116449	45.918000	43.750000	
0.073614	1.966537	1.999046	46.328000	46.440000	
0.072204	1.926991	2.089850	47.344000	43.860000	
0.070771	1.931713	2.002121	47.510000	46.510000	
0.069318	1.897757	1.958074	48.390000	47.870000	
0.067845	1.886240	1.983286	48.328000	47.570000	
0.066354	1.863721	2.144671	48.876000	44.860000	
0.064846	1.845721	1.888665	49.270000	48.860000	
0.063324	1.835906	1.963270	49.238000	47.130000	
0.061788	1.798063	2.129015	50.508000	44.730000	
0.060241	1.772711	1.922344	50.810000	48.480000	
0.058683	1.729568	1.851038	51.806000	49.880000	
0.057116	1.712362	1.809400	52.530000	51.220000	
0.055542	1.690514	1.868803	52.892000	50.660000	
0.053963	1.662875	1.812472	53.818000	51.120000	
0.052380	1.644351	1.830427	53.946000	50.510000	
0.050794	1.631468	1.809269	54.432000	51.040000	
0.049207	1.615914	1.748260	54.862000	52.640000	
0.047621	1.577910	1.698309	55.474000	54.080000	
0.046038	1.552289	1.715674	56.296000	53.680000	
0.044459	1.536655	1.736825	56.404000	52.750000	
0.042885	1.494632	1.650159	57.636000	54.930000	
0.041318	1.472008	1.634098	58.304000	54.850000	
0.039760	1.442830	1.600475	58.970000	55.420000	
0.038213	1.407047	1.644984	59.682000	55.170000	
0.036677	1.391310	1.678088	60.226000	55.460000	
0.035155	1.360230	1.599512	60.960000	56.590000	
0.033647	1.327099	1.532425	61.688000	57.830000	
0.032156	1.301355	1.572754	62.300000	56.870000	
0.030683	1.264191	1.470902	63.354000	58.930000	
0.029230	1.230338	1.478998	64.186000	59.260000	
0.027797	1.208748	1.544867	64.736000	57.750000	
0.026387	1.180647	1.563186	65.392000	58.980000	
0.025001	1.153968	1.478373	66.002000	58.950000	
0.023639	1.118254	1.448438	67.054000	59.750000	
0.022305	1.080941	1.407706	67.948000	61.190000	
0.020998	1.058526	1.466821	68.452000	61.330000	
0.019720	1.019402	1.453195	69.652000	61.240000	
0.018473	0.981050	1.396112	70.642000	62.190000	
0.017258	0.953047	1.375991	71.410000	62.370000	
0.016075	0.917637	1.403990	71.976000	62.140000	
0.014927	0.886409	1.393348	73.062000	62.280000	
0.013814	0.855546	1.357263	73.858000	63.790000	
0.012738	0.808560	1.347053	75.394000	64.910000	
0.011699	0.767697	1.385034	76.314000	64.100000	
0.010698	0.741135	1.309755	77.012000	65.530000	
0.009737	0.696118	1.400176	78.382000	64.860000	
0.008817	0.656147	1.335409	79.434000	66.080000	
0.007938	0.627138	1.315039	80.342000	66.920000	
0.007102	0.586782	1.336059	81.474000	66.910000	
0.006308	0.554605	1.378146	82.322000	67.210000	
0.005559	0.516639	1.384304	83.406000	66.910000	
0.004855	0.486471	1.416174	84.480000	67.320000	
0.004196	0.452502	1.374927	85.456000	67.080000	
0.003583	0.418417	1.469767	86.550000	67.150000	
0.003016	0.393409	1.444544	87.176000	67.530000	
0.002497	0.362003	1.483740	88.338000	68.060000	
0.002026	0.333665	1.508467	89.054000	67.960000	
0.001604	0.313225	1.575976	89.626000	68.310000	
0.001229	0.290950	1.608170	90.464000	68.190000	
0.000905	0.271625	1.547415	91.216000	68.650000	
0.000629	0.262307	1.614401	91.264000	68.700000	
0.000403	0.251431	1.653795	91.712000	68.530000	
0.000227	0.244063	1.631794	91.906000	69.040000	
0.000102	0.239233	1.635680	92.142000	68.620000	
0.000026	0.234661	1.623065	92.468000	68.700000	
