Learning Rate	Train Loss	Valid Loss	Train Acc.	Valid Acc.	
0.100000	4.570902	4.518355	1.574000	2.000000	
0.099975	4.315979	3.995909	4.280000	7.610000	
0.099901	3.817727	3.825476	10.564000	10.750000	
0.099778	3.542061	3.479090	15.008000	16.270000	
0.099606	3.294834	3.187224	19.330000	22.280000	
0.099384	3.028036	3.131268	24.116000	23.950000	
0.099114	2.767571	2.923051	28.986000	28.060000	
0.098796	2.553603	2.670767	33.592000	32.300000	
0.098429	2.386623	2.552124	36.982000	35.030000	
0.098015	2.267765	2.830609	39.624000	31.150000	
0.097553	2.157608	2.625321	42.178000	35.050000	
0.097044	2.070798	2.226044	43.982000	42.370000	
0.096489	1.998756	2.187423	45.602000	43.090000	
0.095888	1.925420	2.174177	46.978000	43.750000	
0.095241	1.868950	2.321055	48.448000	40.420000	
0.094550	1.816326	2.170118	49.822000	43.770000	
0.093815	1.772137	2.275900	50.988000	43.290000	
0.093037	1.726701	2.040297	51.882000	46.710000	
0.092216	1.666203	2.088702	53.676000	46.470000	
0.091354	1.611141	2.037562	54.846000	48.350000	
0.090451	1.555679	2.133868	56.330000	46.360000	
0.089508	1.499576	1.894977	57.660000	50.360000	
0.088526	1.457467	1.833703	58.386000	51.480000	
0.087506	1.412548	1.939735	59.628000	50.480000	
0.086448	1.363861	2.089500	61.000000	49.400000	
0.085355	1.334874	1.861917	61.658000	50.720000	
0.084227	1.296232	1.948610	62.596000	51.100000	
0.083066	1.270114	1.837067	63.270000	52.120000	
0.081871	1.253231	1.784512	63.842000	53.210000	
0.080645	1.238164	1.859426	63.914000	51.930000	
0.079389	1.203998	1.775397	64.822000	55.620000	
0.078104	1.190384	1.818281	65.304000	53.390000	
0.076791	1.183547	1.663979	65.580000	55.900000	
0.075452	1.151793	1.692143	65.948000	54.920000	
0.074088	1.126102	1.623049	66.782000	57.920000	
0.072700	1.118128	1.751328	67.324000	54.940000	
0.071289	1.090670	1.597543	67.882000	58.680000	
0.078104	1.198564	1.792702	65.178000	53.790000	
0.078104	1.183877	2.030038	65.304000	50.850000	
0.078104	1.849654	2.286887	49.210000	42.150000	
0.076791	1.811935	2.131877	50.316000	44.290000	
0.075452	1.777864	2.422125	51.102000	41.230000	
0.074088	1.762910	2.163174	51.796000	44.660000	
0.072700	1.755887	1.943337	51.504000	48.020000	
0.071289	1.706917	2.174536	53.042000	46.550000	
0.069857	1.688587	2.252678	53.328000	43.010000	
0.068406	1.695509	1.894866	53.334000	50.790000	
0.066937	1.663209	1.802225	53.836000	51.730000	
0.065451	1.642380	2.126723	54.294000	48.120000	
0.063950	1.637351	1.778408	54.736000	52.290000	
0.062434	1.606479	1.936027	55.180000	49.840000	
0.060907	1.578551	2.261739	56.002000	44.020000	
0.059369	1.531735	3.155186	57.134000	32.540000	
0.057822	1.507121	2.652622	57.612000	41.430000	
0.056267	1.484212	2.345868	58.290000	43.030000	
0.054705	1.438578	2.304189	59.482000	45.560000	
0.053140	1.404352	2.672045	60.158000	42.390000	
0.051571	1.374010	2.675333	60.916000	42.730000	
0.063950	1.629177	1.860360	54.798000	51.270000	
0.062434	1.612675	2.109535	55.176000	47.070000	
0.060907	1.568030	2.340640	56.266000	43.500000	
0.059369	1.551805	2.284748	56.888000	44.770000	
0.057822	1.507547	1.876231	57.624000	51.880000	
0.056267	1.481398	1.979065	58.438000	50.320000	
0.054705	1.447710	2.619025	58.992000	42.460000	
0.053140	1.405391	2.355994	60.232000	45.560000	
0.051571	1.379138	2.880323	60.826000	36.100000	
0.050000	1.347874	2.170418	61.516000	46.730000	
0.048429	1.299380	2.216191	62.686000	45.870000	
0.046860	1.263814	2.866217	63.620000	39.040000	
0.045295	1.220170	1.920647	64.760000	51.430000	
0.043733	1.174258	2.040522	66.080000	50.520000	
0.042178	1.139799	1.675069	66.744000	55.630000	
0.040631	1.106320	1.741828	67.542000	55.310000	
0.039093	1.061894	1.742764	69.020000	55.860000	
0.037566	1.011857	1.725411	69.906000	54.880000	
0.036050	0.972481	1.676831	71.032000	58.900000	
0.048429	1.284821	2.131647	63.246000	47.830000	
0.046860	1.253140	2.769561	63.924000	40.430000	
0.045295	1.216234	1.809223	64.864000	54.230000	
0.043733	1.174127	1.787654	66.100000	53.010000	
0.042178	1.139556	1.886618	66.778000	51.770000	
0.040631	1.092140	2.165270	68.074000	50.090000	
0.039093	1.054675	1.677123	68.920000	56.810000	
0.037566	1.009764	1.595645	70.080000	58.310000	
0.036050	0.960741	1.671568	71.474000	57.410000	
0.034549	0.937994	1.671918	72.040000	58.140000	
0.033063	0.883030	1.937467	73.388000	54.500000	
0.031594	0.840091	1.414337	74.404000	63.340000	
0.030143	0.810422	1.392816	75.430000	62.900000	
0.028711	0.749965	1.357183	77.094000	65.620000	
0.027300	0.713237	1.539214	78.164000	62.340000	
0.025912	0.665768	1.394575	79.278000	64.620000	
0.033063	0.882825	1.721737	73.454000	57.790000	
0.031594	0.844770	1.485812	74.512000	62.950000	
0.030143	0.801172	1.647517	75.906000	58.070000	
0.028711	0.762563	1.550494	76.680000	62.680000	
0.027300	0.712666	1.350483	78.122000	64.840000	
0.025912	0.672239	1.827700	79.240000	58.470000	
0.024548	0.632282	1.443290	80.070000	63.290000	
0.023209	0.589078	1.247278	81.458000	68.570000	
0.021896	0.538117	1.268338	82.918000	68.070000	
0.020611	0.505390	1.355883	83.810000	67.400000	
0.019355	0.453800	1.391989	85.330000	67.230000	
0.018129	0.421461	1.339073	86.276000	70.200000	
0.016934	0.376931	1.335722	87.738000	69.500000	
0.015773	0.337758	1.341524	88.850000	70.120000	
0.014645	0.297362	1.429245	90.122000	70.130000	
0.013552	0.261268	1.325209	91.210000	72.310000	
0.012494	0.219477	1.388443	92.718000	73.030000	
0.011474	0.189930	1.350784	93.458000	72.270000	
0.010492	0.165752	1.342071	94.402000	73.740000	
0.019355	0.461779	1.256617	85.156000	69.120000	
0.018129	0.415622	1.408346	86.646000	67.510000	
0.016934	0.377653	1.250678	87.536000	70.640000	
0.015773	0.328274	1.334620	89.188000	71.020000	
0.014645	0.296642	1.414941	90.104000	70.060000	
0.013552	0.263295	1.431613	91.324000	70.450000	
0.012494	0.224440	1.358155	92.396000	71.880000	
0.011474	0.189981	1.424574	93.640000	71.850000	
0.010492	0.162330	1.369868	94.548000	74.000000	
0.009549	0.135269	1.375252	95.438000	74.060000	
0.008646	0.108025	1.405987	96.304000	73.940000	
0.007784	0.087949	1.497261	97.010000	75.050000	
0.006963	0.069041	1.472435	97.648000	75.740000	
0.006185	0.053057	1.479059	98.188000	75.460000	
0.005450	0.041343	1.545390	98.598000	76.060000	
0.004759	0.033374	1.585353	98.880000	76.230000	
0.004112	0.023646	1.672285	99.214000	76.200000	
0.003511	0.021284	1.647139	99.366000	76.380000	
0.002956	0.016687	1.683858	99.530000	76.790000	
0.008646	0.106736	1.432396	96.340000	74.220000	
0.008646	0.106033	1.489386	96.398000	74.180000	
0.007784	0.088721	1.452044	96.942000	74.930000	
0.006963	0.074231	1.508809	97.498000	75.110000	
0.006185	0.052428	1.482163	98.152000	76.050000	
0.005450	0.042724	1.625727	98.594000	75.580000	
0.004759	0.033360	1.596543	98.996000	76.610000	
0.004112	0.024626	1.634239	99.184000	76.440000	
0.003511	0.020455	1.652623	99.398000	76.690000	
0.002956	0.015251	1.645879	99.540000	77.070000	
0.002447	0.012973	1.668088	99.628000	77.220000	
0.001985	0.010770	1.641010	99.696000	77.280000	
0.001571	0.008938	1.678895	99.790000	77.110000	
0.001204	0.008099	1.688564	99.786000	77.310000	
0.000886	0.008271	1.696242	99.792000	77.230000	
0.000616	0.007628	1.696122	99.786000	77.160000	
0.000394	0.006417	1.691930	99.870000	77.200000	
0.000222	0.006448	1.705037	99.846000	77.330000	
0.000099	0.006355	1.712362	99.864000	77.280000	
