Learning Rate	Train Loss	Valid Loss	Train Acc.	Valid Acc.	
0.000001	4.887196	4.812719	0.998000	0.950000	
0.050000	5.045986	5.079192	1.174000	1.450000	
0.099975	4.986761	5.390209	1.358000	1.810000	
0.099899	4.460409	4.184669	3.128000	4.940000	
0.099774	4.109888	4.044929	5.186000	6.350000	
0.099598	3.967575	3.893342	6.708000	7.960000	
0.099372	3.808393	3.761671	9.220000	10.780000	
0.099096	3.662833	3.624410	11.326000	12.870000	
0.098772	3.532147	3.814040	13.722000	10.920000	
0.098397	3.424490	3.468392	15.712000	15.730000	
0.097975	3.237975	3.157104	18.454000	20.900000	
0.097504	3.067140	3.042517	21.626000	22.990000	
0.096985	2.875064	3.171447	25.358000	21.150000	
0.096418	2.708762	2.964269	28.774000	25.340000	
0.095805	2.556180	2.515372	31.498000	33.040000	
0.095146	2.407584	2.438054	35.166000	35.380000	
0.094442	2.305512	2.508474	37.258000	34.360000	
0.093693	2.175791	2.434976	40.382000	36.700000	
0.092899	2.109424	2.516198	41.870000	33.680000	
0.092063	2.020688	2.305094	43.852000	38.840000	
0.091184	1.944296	2.176806	46.072000	42.320000	
0.090264	1.888847	2.184619	47.246000	42.340000	
0.089303	1.834806	2.205582	48.480000	41.310000	
0.088302	1.768262	1.976049	50.192000	45.800000	
0.087263	1.708410	2.098237	51.824000	44.040000	
0.086187	1.676064	2.176640	52.354000	43.430000	
0.085074	1.640646	2.083830	53.346000	44.850000	
0.083926	1.593007	1.929203	54.614000	47.840000	
0.082743	1.541999	2.057364	55.894000	46.700000	
0.081528	1.518885	2.111521	56.552000	45.350000	
0.080281	1.473077	1.839741	57.640000	50.680000	
0.079003	1.456137	2.008906	58.094000	49.150000	
0.077696	1.413438	1.919709	59.340000	50.720000	
0.076362	1.362067	1.737037	60.538000	52.750000	
0.075000	1.340267	1.821147	61.020000	52.090000	
0.073614	1.313673	1.951827	61.898000	49.240000	
0.072204	1.274516	2.010640	62.682000	49.260000	
0.070771	1.258242	1.698198	63.388000	54.800000	
0.069318	1.234289	1.669238	63.762000	55.720000	
0.067845	1.201779	1.682761	64.648000	55.740000	
0.066354	1.183917	1.943829	65.130000	51.030000	
0.064846	1.142596	2.345965	66.368000	47.020000	
0.063324	1.110996	1.693136	66.948000	56.380000	
0.061788	1.086916	1.731590	67.658000	55.800000	
0.060241	1.062040	1.731143	68.292000	55.270000	
0.058683	1.038121	1.772523	68.978000	54.260000	
0.057116	1.016975	1.645497	69.466000	57.780000	
0.055542	0.980890	1.701261	70.414000	56.190000	
0.053963	0.960064	1.756055	70.904000	55.120000	
0.052380	0.930119	1.804797	72.078000	55.150000	
0.050794	0.910839	1.572561	72.402000	59.050000	
0.049207	0.877614	1.603388	73.288000	57.890000	
0.047621	0.852417	1.692184	73.824000	57.730000	
0.046038	0.824085	1.672429	74.538000	57.910000	
0.044459	0.808404	1.520577	75.152000	60.420000	
0.042885	0.783615	1.637280	75.924000	58.950000	
0.041318	0.754635	1.571934	76.516000	60.290000	
0.039760	0.743306	1.467584	76.914000	61.810000	
0.038213	0.697677	1.654954	78.200000	60.080000	
0.036677	0.681171	1.458738	78.710000	62.590000	
0.035155	0.629035	1.619260	80.058000	61.250000	
0.033647	0.605901	1.711840	80.852000	59.690000	
0.032156	0.589795	1.560754	81.212000	62.560000	
0.030683	0.548913	1.629032	82.566000	62.360000	
0.029230	0.520471	1.503100	83.240000	63.840000	
0.027797	0.480731	1.569942	84.448000	63.460000	
0.026387	0.454720	1.571999	85.370000	64.090000	
0.025001	0.425203	1.518150	86.228000	63.750000	
0.023639	0.393469	1.553053	87.282000	65.030000	
0.022305	0.352149	1.538730	88.606000	65.450000	
0.020998	0.335851	1.512083	89.018000	65.510000	
0.019720	0.305832	1.573406	89.932000	65.120000	
0.018473	0.270014	1.505490	91.054000	67.260000	
0.017258	0.247649	1.491440	91.668000	66.840000	
0.016075	0.228002	1.476582	92.416000	67.330000	
0.014927	0.193866	1.465096	93.520000	68.020000	
0.013814	0.166379	1.473283	94.658000	68.190000	
0.012738	0.144633	1.487916	95.304000	68.390000	
0.011699	0.118819	1.464273	96.234000	68.600000	
0.010698	0.105537	1.476320	96.736000	69.160000	
0.009737	0.087885	1.465216	97.282000	69.200000	
0.008817	0.078821	1.455949	97.624000	70.140000	
0.007938	0.063805	1.443939	98.214000	70.290000	
0.007102	0.052436	1.448143	98.640000	70.490000	
0.006308	0.044835	1.458353	98.862000	70.120000	
0.005559	0.038049	1.441575	99.092000	71.100000	
0.004855	0.031430	1.430696	99.310000	71.170000	
0.004196	0.027563	1.441378	99.428000	71.130000	
0.003583	0.026488	1.442685	99.440000	70.990000	
0.003016	0.023114	1.437644	99.578000	71.290000	
0.002497	0.020570	1.437548	99.654000	71.310000	
0.002026	0.019267	1.440155	99.644000	71.280000	
0.001604	0.018826	1.442235	99.694000	71.410000	
0.001229	0.018044	1.442157	99.694000	71.270000	
0.000905	0.016847	1.441480	99.792000	71.260000	
0.000629	0.016110	1.438450	99.758000	71.280000	
0.000403	0.015615	1.440967	99.780000	71.240000	
0.000227	0.014604	1.443675	99.796000	71.250000	
0.000102	0.014423	1.440410	99.804000	71.200000	
0.000026	0.015363	1.439837	99.794000	71.350000	
