Learning Rate	Train Loss	Valid Loss	Train Acc.	Valid Acc.	
0.000001	4.605535	4.605465	1.006000	0.960000	
0.050000	4.389080	3.930299	3.416000	8.340000	
0.099975	3.738723	3.789377	11.444000	12.700000	
0.099899	3.396477	3.664526	17.150000	15.360000	
0.099774	3.222211	3.387610	20.480000	19.810000	
0.099598	3.074027	3.038679	23.510000	25.070000	
0.099372	2.947615	3.130029	26.038000	23.530000	
0.099096	2.939822	3.366878	26.518000	21.320000	
0.098772	2.839275	3.025241	28.206000	24.910000	
0.098397	2.796780	3.135523	28.764000	24.950000	
0.097975	2.744056	2.923717	30.136000	27.890000	
0.097504	2.723479	2.908356	30.596000	28.500000	
0.096985	2.686111	2.902803	31.342000	28.080000	
0.096418	2.647483	2.777669	32.268000	31.000000	
0.095805	2.610014	2.597552	33.012000	33.810000	
0.095146	2.612042	2.731829	33.040000	31.080000	
0.094442	2.569772	2.810188	34.066000	30.390000	
0.093693	2.522762	2.882395	35.084000	30.980000	
0.092899	2.525605	2.624217	34.764000	33.490000	
0.092063	2.497916	2.654547	35.448000	33.370000	
0.091184	2.470693	2.758176	36.152000	31.360000	
0.090264	2.448334	2.543369	36.682000	34.770000	
0.089303	2.431335	2.525232	36.884000	36.120000	
0.088302	2.406863	2.700637	37.420000	31.880000	
0.087263	2.378488	2.564224	38.018000	35.330000	
0.086187	2.363456	2.671575	38.374000	34.220000	
0.085074	2.345359	2.395468	38.988000	38.730000	
0.083926	2.323253	2.366680	39.370000	39.690000	
0.082743	2.316034	2.605960	39.672000	34.920000	
0.081528	2.272204	2.344165	40.456000	38.890000	
0.080281	2.257295	2.418661	40.658000	38.380000	
0.079003	2.222810	2.387600	41.438000	38.180000	
0.077696	2.187532	2.512271	42.296000	37.330000	
0.076362	2.160742	2.344273	42.920000	38.720000	
0.075000	2.134133	2.203458	43.426000	42.100000	
0.073614	2.093224	2.259418	44.436000	41.770000	
0.072204	2.078610	2.210396	44.584000	42.350000	
0.070771	2.060248	2.192249	45.102000	43.220000	
0.069318	2.019820	2.218596	45.892000	43.340000	
0.067845	1.983164	2.104527	46.502000	44.360000	
0.066354	1.952419	2.124828	47.500000	44.460000	
0.064846	1.900832	2.067484	48.820000	46.100000	
0.063324	1.879694	2.025890	48.946000	47.350000	
0.061788	1.854874	2.035426	49.388000	47.320000	
0.060241	1.821675	1.977862	50.570000	47.390000	
0.058683	1.786592	1.919281	51.270000	49.310000	
0.057116	1.781220	1.955440	51.374000	48.770000	
0.055542	1.730213	1.767306	52.516000	52.200000	
0.053963	1.678928	1.809897	53.536000	50.870000	
0.052380	1.637661	1.958612	54.668000	49.500000	
0.050794	1.619477	2.053137	55.318000	47.020000	
0.049207	1.581506	1.727356	56.018000	54.230000	
0.047621	1.535919	1.785481	57.098000	51.930000	
0.046038	1.481680	1.971495	58.496000	50.880000	
0.044459	1.443840	1.739066	59.434000	53.010000	
0.042885	1.416644	1.696484	59.996000	54.260000	
0.041318	1.374911	1.680372	60.930000	55.310000	
0.039760	1.328572	1.654363	62.394000	55.800000	
0.038213	1.275772	1.577625	63.420000	58.650000	
0.036677	1.240336	1.630823	64.324000	57.770000	
0.035155	1.208133	1.620931	64.858000	57.110000	
0.033647	1.161149	1.583939	66.170000	58.780000	
0.032156	1.123439	1.537243	67.186000	59.620000	
0.030683	1.073363	1.468727	68.520000	60.510000	
0.029230	1.021893	1.531704	69.724000	60.100000	
0.027797	0.967288	1.611537	71.382000	58.920000	
0.026387	0.925061	1.394773	72.252000	63.930000	
0.025001	0.880699	1.530243	73.220000	61.970000	
0.023639	0.842543	1.547258	74.422000	60.840000	
0.022305	0.763475	1.473052	76.704000	63.360000	
0.020998	0.718987	1.394509	77.798000	63.390000	
0.019720	0.674759	1.478198	79.094000	64.070000	
0.018473	0.611462	1.393824	80.844000	65.540000	
0.017258	0.570447	1.469634	82.010000	65.650000	
0.016075	0.503074	1.483734	83.788000	66.020000	
0.014927	0.454632	1.535348	85.448000	66.410000	
0.013814	0.404928	1.449359	86.916000	66.850000	
0.012738	0.366337	1.544073	88.070000	67.550000	
0.011699	0.316052	1.507031	89.728000	67.830000	
0.010698	0.271197	1.580231	91.024000	67.910000	
0.009737	0.235906	1.765042	92.226000	68.410000	
0.008817	0.191411	1.620329	93.528000	68.780000	
0.007938	0.151059	1.697810	95.024000	68.950000	
0.007102	0.126444	1.775417	95.698000	68.380000	
0.006308	0.100360	1.855685	96.732000	69.810000	
0.005559	0.077992	1.930864	97.374000	70.330000	
0.004855	0.060134	1.789762	98.114000	69.980000	
0.004196	0.048342	1.913377	98.414000	70.720000	
0.003583	0.039481	1.942227	98.726000	70.500000	
0.003016	0.031476	1.887523	99.038000	70.860000	
0.002497	0.026477	1.989448	99.192000	71.290000	
0.002026	0.022201	2.000530	99.364000	71.040000	
0.001604	0.019102	1.987225	99.454000	71.200000	
0.001229	0.017567	1.913178	99.458000	71.630000	
0.000905	0.015691	1.864144	99.554000	71.560000	
0.000629	0.013786	2.084811	99.628000	71.690000	
0.000403	0.014440	1.987555	99.582000	71.410000	
0.000227	0.013790	1.967990	99.628000	71.070000	
0.000102	0.012806	1.929842	99.648000	71.440000	
0.000026	0.012611	1.960060	99.674000	71.420000	
